"t","EQ1","EQ2","EQ3","EQ4","EQ5","EQ6","EQ7","EQ8","EX1","EX2","EX3","EX4","EX5","EX6","EX7","EX8","NZ"
1,0.00081776112958284,-0.208033710010569,-0.0209965026800568,-0.0642619047779573,0.134687464025311,0.0508805382290177,-0.0192616021801591,-0.0219164236380736,0.0410182786002027,0.0426168252660709,-0.0080529851935652,-0.0730019227052621,-0.110649838313963,-0.0272364598603708,-0.0563269342288962,0.200716505553366,0.362830325973427
2,0.0338007933560907,0.0303187465307899,-0.0419930053601136,-0.0162345864702208,0.0869856538496802,0.0769627933528486,-0.0200465944831218,-0.252665055370363,0.0300434883392789,0.0263969887842081,-0.00192173510300988,-0.094665094890157,-0.098188303125206,-0.00959030276773619,-0.0850724761803679,0.241603201129052,0.3381555792905
3,0.0166278096348511,0.0990492914551702,-0.0681647023627196,-0.085908020071585,0.116167937721831,0.0821742091932279,-0.0115054095747666,-0.171574287909491,0.0237329839392477,0.0257609167653115,-0.0111643658365336,-0.114399354483246,-0.0780994489847098,-0.0333742536317219,-0.111310618833892,0.307269712205153,0.0146529160116964
4,0.00463397973430276,0.203353027030218,-0.0678689769728596,-0.0987604010271765,0.11336194888797,0.0588109536382906,-0.025916462300798,-0.144022212478769,0.0128953785565855,0.0337118170015188,-0.0183022390762845,-0.0908072697065456,-0.0642413624385921,-0.00613779377135116,-0.103877970914975,0.323376592280424,-0.36930248144376
5,-0.0365266637880335,0.54078497298146,-0.0344520079186847,-0.040586466175552,0.0488242057091753,0.0137460533760731,-0.0260687742401788,-0.319666693349616,0.0026065126869694,0.0149476924440696,-0.0130861009395434,-0.0310109793605687,-0.0482347353426887,-0.0118919754319929,-0.0825650768824202,0.209389440978512,-0.383436113240686
6,-0.0250780079738737,0.474591056252882,0.00768886013635882,-0.055468170439921,-0.0202031196037967,-0.0231114963355954,-0.00499114509047918,-0.316848867453293,-0.00713361366960046,0.0181280525385525,-0.00494160455059683,-0.00519322620870767,-0.052854097524728,-0.0210986660890196,-0.0665356313705403,0.039647704800665,-0.154171177528628
7,-0.0264409431898451,0.262601414175049,0.0344520079186847,-0.071026315807216,-0.104382784619616,-0.020795311517649,-0.0295016510277619,0.0284913507294957,-0.0111119751391853,0.03721021310545,-0.00155569032148419,0,-0.06606762190591,-0.0149608723176685,-0.0462077870621788,-0.0582325664259767,-0.208110086071965
8,-0.0109034817277712,0.27117763331324,0.0360784975629145,-0.00338220551462933,-0.140860639459805,0.0169182195397822,-0.0303335085428418,0.317788142752067,-0.00727079854786201,0.0222625206613803,-0.0111643658365336,-0.0847237761477737,-0.0526392434697494,-0.06943379203841,-0.0204173942832883,-0.073100455726226,-0.313322994728527
9,0.0128115910301312,-0.0264534083276613,0.0220315415445666,-0.0121759398526656,-0.202031196037967,0.05772838899512,-0.0260570579371495,0.159363709025421,-0.0109747902609238,0.00222625206613803,-0.0291920713266738,-0.117366912316793,-0.00601591353939993,-0.0444990048422959,0.0227456936313826,-0.0179653662378013,-0.0604205326815528
10,-0.0169003966780454,-0.548757233025412,0.0156734456625776,-0.0493802005135883,-0.317076738226253,0.0803111909700971,-0.0709187822363157,-0.207579841029183,-0.0219495805218476,0.00731482821731068,-0.04438292975999,-0.0501517273869484,0.0553249191569815,0.0337578657424314,0.066356531420687,0.0291162832129883,-0.11687746493838
11,-0.0466123843862219,-0.37240117750767,0.0122726036791881,0.0385571428667744,-0.402378798775617,0.0807391816429785,-0.0457755959354511,-0.28616587435999,-0.0360796229827869,-0.00159018004724145,-0.0484094223567726,-0.00638024934212657,0.0772400327647956,0.0602271013813833,0.0916991743249439,0.0557545848759351,0.110178944111268
12,-0.0288942265785937,-0.0523632534705076,0.000739313474649887,0.0121759398526656,-0.433805873714857,0.0382422254180494,-0.000140595636351526,-0.106138108761528,-0.0437619761654336,-0.0216264486424837,-0.0421866610708359,0.0151345449510909,0.0614482597238707,0.0590762650492549,0.0966244229459126,0.0061949538751039,0.16968771629427
13,0.0198988541531824,-0.151050169469134,0.00399229276310939,-0.020293233087776,-0.441101444682894,-0.0595662312963166,-0.036402553512016,-0.0165938636116843,-0.0604985313133424,-0.0171739445102077,-0.0414545715077845,0.0111283418758022,0.0401777082809924,0.0602271013813833,0.0935797237984047,-0.0594715572009974,-0.180592131128098
14,-0.0166278096348511,0.0755854806439911,0.00059145077971991,0.00473508772048107,-0.411357963043971,-0.166085556999916,-0.0616160376310564,-0.114278494684241,-0.0916394986787136,-0.0438889693038641,-0.0548152060334722,-0.025817753151861,0.0378143136762281,0.0214822781997291,0.101997421441515,-0.0204433477878429,-0.662194498167611
15,-0.025350595017068,0.370468508406106,-0.0307554405454353,-0.0162345864702208,-0.366462141702201,-0.220943890894537,-0.00179259436348196,-0.24796867887649,-0.113040339687515,-0.0419807532471743,-0.0544491612519465,0.00133540102509626,0.0463010488478816,0.0168789328712157,0.133339912665861,0.050798621775852,-0.729527559619038
16,0.00463397973430276,0.174393188461466,-0.0724527205156889,-0.0236754386024053,-0.327739495794924,-0.213793929065224,0.0652832404792253,-0.27395529547592,-0.121271432383208,-0.0489775454550367,-0.042644217047743,-0.0298239562271498,0.0652082056859957,0.0889980096845918,0.15644380619695,0.107172702039297,-0.424415384440259
17,-0.00163552225916568,0.0146762059900039,-0.0869432646188267,-0.0020293233087776,-0.253661390581003,-0.166161084765718,0.0297594096944064,-0.0698194638755773,-0.122094541652777,-0.073466318182555,-0.034865765440322,-0.0753759689721,0.0764880435723706,0.0556237560528699,0.176413450605605,0.0836318773139026,0.015914062330863
18,0.025350595017068,0.00582820525940483,-0.0542656090393017,0.0114994987497397,-0.143105430526893,-0.10286881702314,-0.000808424909021276,0.200065638638986,-0.116195591887531,-0.0721941741447619,-0.0318458959927351,-0.053267663112173,0.0756286273524563,0.0682829557062817,0.207308191955317,-0.0526571079383831,0.143417378708509
19,0.0149922873756854,-0.206584208184396,-0.0184828368662472,0,-0.0347942615398721,-0.060120101578869,0.0439595689659105,0.174392113805814,-0.117155886035361,-0.0747384622203482,-0.0273618474190454,-0.00489647042535295,0.0554323461844708,0.0851618885774973,0.245725131198873,-0.199477514778346,0.103566162874273
20,-0.0223521375419309,-0.254025195036857,0.00901962439072862,-0.0223225563965536,-0.00280598883386065,-0.069208609397115,0.136987015018504,-0.0673147297455118,-0.127444751904977,-0.066787561984141,-0.0249825563391284,0.0252242415851516,0.038888583951121,0.0602271013813833,0.270888674153277,-0.340722463130714,0.00111829300826226
21,-0.0419784046519191,-0.0460518809357117,0.0381485752919342,0.0372042606609227,-0.056119776677213,-0.115683361287648,0.088715846537813,-0.215720226951896,-0.122094541652777,-0.0896861546644178,-0.0175701495132332,0.0666216733631356,0.0316909731093389,0.0878471733524635,0.285395770091403,-0.379750672543869,-0.0362343492006896
22,-0.0487930807317761,-0.0568325507678751,0.0563356867683214,-0.00270576441170347,-0.0836184672490474,-0.145214717716464,-0.0616511865401442,-0.251099596539072,-0.0993218518613603,-0.127532439788764,0.00292835825220553,0.00148377891677362,0.0442599353255852,0.0682829557062817,0.294171667634219,-0.338863976968183,-0.100112666871047
23,-0.0239876598010966,-0.0541449327985122,0.0628416453452404,-0.0229989974994795,-0.00729557096803769,-0.11089993612015,-0.0205152466042935,-0.345653309949047,-0.0740798342612356,-0.129122619836006,0.0129030785487806,-0.0589060229959127,0.0393182920610781,0.0629123861563494,0.296768616907094,-0.342580949293246,-0.157706320731613
24,-0.0264409431898451,0.0219539130755819,0.0740792101599187,0.060879699263328,0.0656601387123392,-0.014375451424428,0.063795269994505,-0.478717310608779,-0.0507584049567725,-0.110676531288005,0.00851054117047231,-0.0151345449510909,0.0337320866316353,0.0264692356389519,0.306171364274398,-0.390901589519056,-0.0279729485085646
25,-0.0231698986715138,-0.00890839664002293,0.0838381480252972,0.0182639097789984,0.0398450414408212,0.101836604223838,0.0468183469050582,-0.408897846733202,-0.0259279419914324,-0.108768315231315,0.00942565312428654,0.0278950436353441,0.0552174921294922,0.0360595384066881,0.315036811792141,-0.529668556321383,0.12586603926324
26,-0.00190810930235996,-0.171645174582679,0.091527008161656,-0.00270576441170347,-0.0415286347411376,0.186150766781473,0.0838301481745975,-0.144022212478769,-0.00397836146958487,-0.107178135184074,0.0100662314919565,-0.0106832082007701,0.0808925516994312,0.0866963370203351,0.313872662118094,-0.607105479760182,0.180496521655357
27,-0.0387073601335877,-0.571707678606488,0.0934492231957457,0.0662912280867349,-0.090914038217085,0.208758744678384,0.165902850894801,-0.0125236706503278,0.0134441180696316,-0.128804583826558,0.00713787323975097,-0.0531192852204956,0.0778845949297313,0.0126591996534118,0.301156565678502,-0.518517639346196,0.0088676963477403
28,-0.0381621860471992,-0.473262346245557,0.0656510365489099,0.129876691761766,-0.0701497208465163,0.170843806245479,0.0280253968460709,-0.0591743438227987,0.0270254210175248,-0.123716007675385,0.00146417912610276,-0.0329398919523744,0.0193368649480712,-0.0187969934247629,0.26372467615914,-0.419398377344534,0.0781347653116017
29,-0.0329830322265079,-0.0768235967871808,-0.00502733162761923,0.175198245657799,-0.0342330637730999,0.0819979777396885,-0.160653947137677,-0.107703567592819,0.0437619761654336,-0.116401179458074,0.00530764933212252,-0.0912524033815777,-0.0953952004104846,-0.0621451619349305,0.211158840877166,-0.34939539855586,0.100761832321721
30,-0.0367992508312278,0.287363737038841,-0.0706783681765292,0.198873684260205,-0.0263762950382901,-0.000327286985144596,-0.122880586171234,-0.104572649930237,0.0598126069220346,-0.130394763873799,0.0180277054901403,0.03768798448605,-0.246867309170376,-0.174927122483508,0.184741598273788,-0.304172235267601,0.185382073433051
31,-0.0209892023259595,0.419993154133691,-0.103356023756054,0.192109273230946,-0.00280598883386065,0.00203924967667018,-0.107836853081621,0.133690184192249,0.0765491620699434,-0.134529231996627,0.0247080227529841,0.106832082007701,-0.429063547792202,-0.121221426984185,0.188681797170563,-0.366741269406151,0.0695185182662385
32,-0.0624224328914901,0.701196508411296,-0.143722539471938,0.113642105291546,0.0600481610446179,0.0780705339179534,-0.147859744229688,0.625244257217614,0.094246011365683,-0.108132243212419,0.0223287316730671,0.168705662837161,-0.574734597067672,-0.0418137200673298,0.193786145741385,-0.377892186381338,-0.0976389773864191
33,-0.0918618335564723,0.78430127977856,-0.174330117322443,0.113642105291546,0.102137993552528,0.148160300582765,-0.187882635377756,0.837833566506928,0.116607146522315,-0.101453487014005,0.016014459191749,0.160693256686583,-0.574519743012693,-0.0475679017279715,0.184920698223642,-0.265763521241957,-0.344182948099141
34,-0.102492728241049,0.341357680063794,-0.19443944383292,0.0750849624247712,0.126269497523729,0.197505107573797,-0.100291553930755,0.442398665722829,0.146101895348548,-0.10049937898566,0.0111643658365336,0.0648411386630072,-0.314761190543604,0.0168789328712157,0.1800849995776,-0.215584394853616,-0.122309551436042
35,-0.0842293963470325,-0.108501251280008,-0.234214508769084,0.0385571428667744,0.153206990328791,0.239171258374897,0.0848611828411754,-0.135568734789798,0.160231937809487,-0.0880959746171764,0.00979169790581223,0.241114073975713,0.198954854910155,0.0655976709313155,0.163160054316453,-0.247178659616646,0.205356709791499
36,-0.0403428823927534,-0.265742001465091,-0.250331542516452,0.0656147869838091,0.161624956830373,0.222454446210589,0.111726665687346,-0.264562542488174,0.154881727557287,-0.110994567297453,0.0192173510300988,0.257584019951901,0.730288932872156,0.0103575269891551,0.129578813718939,-0.201955496328387,0.0537942305077912
37,-0.00626950199346844,-0.203171839301947,-0.223420532039196,-0.0317927318375157,0.156012979162652,0.131519016184259,0.0680951532062559,-0.00500946826013111,0.139928575826778,-0.105587955136832,0.0280939369820968,-0.0129088765759305,0.922153603968018,-0.0314561930781747,0.0945647735225984,-0.100358252776683,-0.311412931711826
38,-0.0283490524922051,-0.164125883859405,-0.19872746198589,-0.188727067716317,0.12907548635759,0.0330559854996042,0.138299240957785,0.077333666265774,0.123877945070177,-0.106224027155729,0.0226947764545928,-0.0489647042535295,0.683773029969296,0.0337578657424314,0.0662669814457602,-0.167263754627805,-0.447077999076416
39,-0.0256231820602623,-0.231497520821748,-0.165162630236785,-0.265841353449866,0.111117157820882,-0.036051920209774,0.113976195868971,-0.147779313673868,0.1170187011571,-0.138027628100558,0.0174786383178517,-0.257138886276868,0.286615309341411,-0.0901488460167202,0.0265067925783041,-0.312225675305237,-0.330975480409962
40,0.0207166152827653,-0.308381513518353,-0.115332902045382,-0.131229573967618,0.086424456082908,-0.104026909432113,0.0326767691487006,-0.18378486679356,0.107415759678792,-0.105587955136832,0.0281854481774782,-0.275240989061507,-0.133209514086713,-0.315329155003166,-0.0154025956873929,-0.231691274928886,0.131119424715333
41,0.0466123843862219,-0.191183251281306,-0.0987722802132249,0.17181604014317,0.0151523397028475,-0.160219567189247,0.019777119513448,0.221042786978285,0.0898560952613135,-0.086505794569935,0.046121642472237,-0.117960423883503,-0.639942802753668,-0.365965953616813,-0.0368050396948749,-0.00433646771257273,0.323935686324294
42,0.0667838255825986,0.0551716632587183,-0.116220078214962,0.424805012637444,-0.0381614481405048,-0.126030665202604,0.0479899772079876,0.350349686442919,0.060910085948127,-0.104315811099039,0.0576520530902963,-0.0848721540394511,-0.915278274208704,-0.379008765380934,-0.0464764369869589,0.0823928865388819,0.0727990907161634
43,0.0460672102998333,-0.0503097925500956,-0.117846567859192,0.409923308373075,-0.0791288851148703,0.00611774903001053,0.0162505123016306,-0.17689684793588,0.0272997907740479,-0.0979550909100734,0.0555472955965236,0.00415458096696614,-0.476653720969955,-0.313027482338909,-0.0554314344796292,0.0836318773139026,-0.231214518380732
44,-0.00654208903666272,-0.191122855371882,-0.0836902853303672,-0.055468170439921,-0.130197881891134,0.0768117378212434,-0.0603506769038926,-0.514409771962213,-0.00246932780870785,-0.0769647142864862,0.0517953365858853,0.119444202800276,0.325181612210064,-0.133497014526888,-0.0553418845047025,0.157351828427639,-0.220087750337531
45,-0.0417058176087248,0.0682473776489892,-0.0569271375480413,-0.62841378461813,-0.134126266258539,-0.0148286180192436,-0.0271466741188739,-0.0682540050442864,-0.0342962195653868,-0.0661514899652444,0.0582926314579663,0.0927361822983513,0.494271753478198,0.000767224221418895,-0.0607148830003046,0.31842062918034,0.0397111477560629
46,-0.00436139269110848,0.162766975897368,-0.06550317385398,-0.888167168141663,-0.104943982386388,-0.196397367008692,0.0499348835108504,0.500633734246853,-0.0698271030351276,-0.00540661216062093,0.0639663255716145,-0.238443271925521,-0.259006563276665,0.195258564351109,-0.0809531773337395,0.420017872732044,0.153285536109705
47,0.0231698986715138,0.155912040177757,-0.0955193009247654,-0.84284561424563,-0.0875468516164523,-0.34793124113064,0.136237171624629,0.531003635573898,-0.098773112348314,0.0798270383715208,0.0628681912270374,-0.0750792131887452,-1.19286971324102,0.349470632856307,-0.100654171817614,0.464621540632792,0.0241244285079536
48,0.0163552225916568,0.1041829437562,-0.119473057503422,-0.516124561532436,-0.106066377919933,-0.352160796015586,0.064392801448999,0.182845591494786,-0.127307567026716,0.17301158913987,0.0541746276658022,0.34141752874961,-0.81386716025882,0.557772008971537,-0.12411626524841,0.450992642107564,-0.0815342979321846
49,0.0588788013299645,-0.20758074068989,-0.123021762181741,0.10958345867399,-0.126830695290501,-0.221246001957747,-0.0391676010269293,-0.209458391626732,-0.151040550965964,0.203861082056354,0.037245056520239,0.57822864386668,0.721265062563056,0.741905822112071,-0.158682555570118,0.361165810918557,-0.0556584346796146
50,0.0231698986715138,-0.346068560998857,-0.111044883892413,0.644648371088351,-0.153768188095564,-0.075250830661323,-0.0379725381179414,-0.422047700916046,-0.155842021705118,-0.0143116204251731,0.0178446830993774,0.10178723369067,2.14553259301599,0.579637899281975,-0.185278898123349,0.31718163840532,0.171849300832001
51,-0.0305297488377593,0.0288390467499047,-0.097885104043645,0.777907268364746,-0.140860639459805,0.0483881219575319,-0.0810885332657428,-0.235445008226162,-0.154332988044241,-0.493909922673195,0,-0.0222566837516043,0.871448046993076,-0.051404022835066,-0.196741294913967,0.276294942829634,0.439527538868611
52,0.0316200970105365,0.472416803513623,-0.0665382127184898,0.579033584104542,-0.101576795785756,0.113316824625833,-0.079342804114378,0.173139746740781,-0.151452105600748,-0.948065344165353,-0.0226032652592114,0.13665603823485,-1.84559633226591,-1.20415841551696,-0.211517040776873,0.231071779541375,0.171063762490917
53,0.0531544734228846,0.236631173122778,-0.0147862694929977,0.286811027640567,-0.0628541498784786,0.0275676345179487,-0.00216751606041936,0.28616587435999,-0.148708408035517,-0.882549926219005,-0.0541746276658022,0.0277466657436667,-2.4682433835938,-1.50069057709536,-0.215457239673647,0.257090585816812,0.125087080843906
54,-0.00626950199346844,0.046988017531782,0.013159779848768,-0.0940253133066954,-0.025815097271518,-0.13056233115076,-0.0139424006048597,0.080464583928356,-0.142946643148532,-0.150112996459593,-0.100936848505709,-0.103864524174153,-0.392860639528313,-0.804434596157711,-0.214919939824087,0.298596776780008,0.129449649206919
55,-0.0550625827252445,0.00452969320679132,0.0310511659352952,-0.418717042711111,0.0263762950382901,-0.227590334285166,-0.0969172586583187,-0.0413281131460817,-0.124015129948439,0.682823312285479,-0.156392632906851,-0.239778672950617,3.36203625230465,-0.278502392375059,-0.219218338620569,0.273816961279592,0.187694715320707
56,-0.0378895990040049,-0.149208094231706,0.085021049584737,-0.252312531391348,0.0886692471499965,-0.269986586822358,0.016109916665279,-0.116470137048048,-0.0928741625830675,1.15224446223116,-0.189702708025689,0.19066559080541,4.00831724968018,0.822847977471765,-0.216800489297548,0.339483472355694,0.145061356109087
57,-0.142563023590608,-0.0418241672760398,0.153185751947457,0.206990977495315,0.137493452859172,-0.178094471762529,0.12592682495885,-0.332816547532461,-0.062144749852481,0.284960264465668,-0.185584704233525,0.444688541357054,0.739420230208745,1.02692962036919,-0.215546789648574,0.42869080815719,0.20214133473696
58,-0.148014764454494,-0.0807795288544452,0.183645467103032,0.485008270797846,0.186878856335119,0.147984069129226,-0.0369063545422756,-0.326867803973555,-0.0352565137132177,-1.14810999410833,-0.152549162700832,-0.173156999587482,-2.62250859506841,0.637179715888392,-0.222263037768077,0.36612177401864,0.199830137222371
59,0.0825938740878668,-0.0801755697602063,0.173886529237653,0.680499749543422,0.195296822836701,0.489117811337632,-0.160232160228623,-0.165312452584327,-0.00411554634784642,-0.980823053138527,-0.094622576024391,-0.0740405679470037,-2.82103374186861,0.642933897549034,-0.221277988043883,0.218062376403657,0.108737740640709
60,0.0411606435223363,0.065197384223083,0.123761075656391,0.86246240623048,0.21606114020727,0.544303432217398,-0.047486176177728,-0.16813027848065,0.0355308834697408,-0.0791909663526243,0.0117134330088221,-0.338895104591095,-2.05142651693538,0.448442557419344,-0.203726192958249,0.0910658219640273,0.0972124861169098
61,-0.0122664169437426,-0.135649212566044,0.052491256700142,0.767084210717933,0.245804621846193,0.318727171686969,0.031938642057855,-0.172513563208265,0.082722481591713,0.471329366002366,0.194827334967049,-0.653159479163748,-0.680442792117128,0.331440863652963,-0.172652351658683,0.0309747693755195,0.197136582059764
62,-0.0179907448508225,-0.189733749455132,0.00887176169579864,0.2536654135972,0.237386655344611,0.0133684145470601,0.0125833094534616,-0.17345283850704,0.130737188983255,1.14143123790991,0.376751591385317,0.47644141017601,0.705473289522131,-0.344100063306374,-0.132086213016887,-0.109031188201829,0.0681809084417633
63,-0.0605143235891301,0.240164333824076,0.006505958576919,-0.404511779549668,0.204837184871827,-0.177037083041293,-0.00940819133252296,-0.249534137707781,0.169011770018226,0.562287664704577,0.430468663074212,1.05615383295946,1.05407399372486,-1.6242136767438,-0.0743264791891635,-0.389043103356525,0.108560885182948
64,0.0294394006649822,0.431589168743077,0.026023834307676,-0.353778696830228,0.17397130769936,-0.144006273463622,0.0360627807241665,-0.278651671969793,0.192607569079212,-1.10517513283281,0.372359054007009,-0.214702809257143,1.79317194285114,-1.88468629991552,-0.0255217428541104,-0.537721996359019,0.0226745828718767
65,0.176091229903505,0.0231920292187715,0.0507169043609822,-0.0723791980130677,0.159941363530057,0.0229604408039902,0.0632914689642454,-0.204762015132859,0.209481309105383,-0.893999222559144,0.283593194487029,-0.382221448960885,1.34885375715546,-1.95105119506825,-0.0121787965900316,-0.421876358894576,0.119410293475808
66,-0.0040888056479142,-0.209090638425487,0.0646159976844001,0.161669423599282,0.124024706456641,0.187887905394933,-0.00331571375729016,-0.0325615436908522,0.224160091079368,0.11163063931635,0.141018752082772,0.285775819370599,-0.385770455714021,-0.148457886844556,-0.0137011461637856,-0.227974302603824,0.268741617585723
67,-0.242602468442909,-0.00969354346253342,0.0894569304326363,0.267194235655717,0.0673437320126556,0.280963288785669,-0.083092021083752,0.462123446997095,0.234448956948984,0.198136433886285,0.00704636204436955,0.563539232590621,-1.60667862312974,2.93731793170224,-0.0223874937316758,-0.200716505553366,-0.0136143114728296
68,0.184541428242527,0.222226748725182,0.141800324437848,-0.0777907268364746,0.0202031196037967,0.249745145587261,-0.108539831263378,0.772710479125224,0.231156519870707,0.23057610685001,-0.0595737881933062,-0.266783449235897,-0.952233171665018,3.57833376869773,-0.0334021406476602,-0.295499299842456,-0.188475238477531
69,0.347548480072707,0.132206645728883,0.143870402166868,-0.0568210526457728,-0.0448958213417704,0.0754270621148624,-0.0496771248442059,0.215407135185638,0.223199796931538,-0.511083867183402,-0.221731626409187,0.0494098379285616,1.15333656712496,1.45235545114597,-0.0556105344294826,-0.310367189142705,0.226391235130816
70,-0.223793962462504,-0.0825612081824498,0.125979016080341,0.531006265796805,-0.115045542188287,-0.205334819295333,0.00297594096944064,-0.389799248991452,0.212362191548875,-1.44769991500862,-0.412074912802546,-0.337411325674321,2.39734154545087,-1.0395888200226,-0.0757592787879908,-0.210628431753533,0.266415334396879
71,-0.12102864717826,-0.353799237405114,0.184828368662472,0.542505764546545,-0.156012979162652,-0.42376111799645,-0.000128879333322232,-0.237323558823711,0.192196014444428,0.0257609167653115,-0.389929203520242,-1.2879200997595,0.79410058720079,-1.95373647984322,-0.0965348729709859,-0.087348849638965,-0.0830677406716622
72,0.282672763792468,-0.350175482839681,0.238946115006843,-0.0791436090423264,-0.170604121098728,-0.327387688832333,0.0870286989015947,0.169695737311941,0.167914290992134,1.34529231996627,-0.197115114851585,0.0977810306153816,-2.3569489831149,-1.15812496223182,-0.120265616326562,0.0229213293378844,-0.000392509063025543
73,-0.0785050684399526,-0.162314006576689,0.162648964422975,-0.615561403662539,-0.199786404970878,0.0415402711914296,0.0932266232040912,0.19943945510647,0.150217441696394,0.59345519363051,-0.0301071832804881,0.726309779760687,-2.23147421500742,-0.410464958459109,-0.133339912665861,0.0743394465012468,0.0341609877723207
74,-0.285398634224411,-0.000815344777222437,0.0294246762910655,-0.842169173142704,-0.230652282143345,0.341385501427748,0.016309093816777,0.0212902401055572,0.123466390435393,1.06542063165177,0.0664371278469129,0.286962842504018,0.755749138387117,-0.00959030276773619,-0.133787662540494,0.104694720489256,-0.0587339863969719
75,-0.0496108418613589,0.35669824105746,-0.00768886013635882,-0.829316792187112,-0.216622337974042,0.438967374844706,0.0377850772694727,0.0695063721093191,0.0923254230700214,1.26069474145302,0.0624106352501303,-0.467390358783691,2.52066777300857,0.189120770579758,-0.14041436068507,0.293021318292414,-0.294695316498016
76,0.156464962793517,0.399096169473027,0.0801415806520477,-0.645324812191277,-0.213816349140182,0.325071504014387,0.122365068837945,0.227930805835966,0.0661231113220658,-0.301498136956979,-0.115578639766737,0.0250758636934742,1.00293872863996,-0.807119880932678,-0.13933976098595,0.488781860745698,-0.530257437931927
77,-0.130841780733254,0.0145252162164442,0.151559262303227,0.182639097789984,-0.258712170481952,0.0378645865890364,0.135112406533817,-0.0169069553779425,0.0327871859045098,0.439843801066985,-0.221457092823043,1.03864524174153,-0.112476097781281,-0.438085030430189,-0.129399713769086,0.329571546155527,-0.288540882980952
78,-0.0302571617945651,-0.433401046025793,0.101877396806754,0.74137944880675,-0.304169189590494,-0.167294001252757,-0.014551648362383,-0.454609244606898,0.00301806732175404,2.14292663166258,0.0210475749377272,-0.216928477632303,-1.36475295722387,1.00813262694443,-0.114982167805887,0.193902056290752,0.203911454052057
79,0.230881225585555,-0.46661879620893,0.0140469560183478,0.294928320875678,-0.35579938413353,-0.211679151622751,-0.145188427139009,-0.500946826013111,-0.0193430678348782,0.40549591204657,0.330263904131555,-1.20245443415334,-1.40084843846027,1.16387914389246,-0.086236625854415,0.326474069217976,0.262574987140538
80,-0.17963486146503,-0.0810211124921407,-0.00340084198338948,-0.158287218084653,-0.420898325079098,-0.275323882272408,-0.142751436108916,-0.264875634254432,-0.0524046234959111,-2.71984395280178,0.444652898358333,0.068847341738296,-0.45344948303227,1.08523866119703,-0.069043030668488,0.0179653662378013,0.160882296498602
81,-0.192446452495162,0.158660054056544,0.0205529145952669,0.0737320802189194,-0.445591026817071,-0.417215378293558,-0.129113659382818,-0.0610528944203479,-0.0943831962439446,-5.51983297998453,0.441541517715365,-0.0390233855111462,-0.411767796366428,-0.65290781242748,-0.0717295299162891,-0.61949538751039,-0.104789025282869
82,0.0997668578091064,0.370589300224954,0.00768886013635882,-0.217814035142129,-0.43212228041454,-0.477335479872427,-0.171995328470034,0.11271303585295,-0.108924793339669,-7.24358815119426,0.298509519334201,-1.20364145728676,-0.15007555740253,-1.78456353902035,-0.0720877298159959,-0.567457774959517,-0.357901322639301
83,0.0040888056479142,0.524236493799315,-0.0536741582595818,-1.1506263160769,-0.408551974210111,-0.360015683659056,-0.113788735020502,0.347531860546596,-0.091227944043929,-5.95999481706096,0.0222372204776857,0.523032068162701,0.726958695019988,-1.62536451307593,-0.0718190798912158,0.0439841725132377,-0.422765589425938
84,-0.237423314622218,0.38810411395788,-0.111340609282273,-1.36573458680732,-0.368706932769289,-0.114928083629622,-0.0333563147243996,0.399818185511714,-0.0714733215742662,-0.767102854789276,-0.197664182023873,0.81785893892562,1.52546379034784,-0.660580054641669,-0.0736996293646766,0.175936690052951,-0.22916435117653
85,-0.0329830322265079,-0.0486187070862268,-0.138251619759529,-0.871932581671442,-0.317637935993026,0.163719020338101,0.0318449116336207,0.269885102514564,-0.0676321449829428,6.79324916181548,-0.285240396003895,-0.370202839735018,0.781209343902077,0.724643277130146,-0.0698489804428284,-0.316562143017809,-0.172512709405975
86,0.246146100004435,-0.386775403950555,-0.152594301167737,0.210373183009944,-0.298557211922773,0.28438721416872,0.125879959746733,0.276773121372244,-0.101242440157022,10.4201318135638,-0.262179574767776,1.69269498825535,-1.49022772533135,1.91614249299369,-0.0807740773838861,-0.612061442860265,0.00612311870654132
87,0.118030189703123,-0.529188958372074,-0.159100259744656,1.11274561431305,-0.283966069986698,0.202263356819361,0.201332951255386,0.16813027848065,-0.198232149087936,8.73326881945005,-0.225300563029063,0.671558337731741,-2.3900365075816,2.35384391131317,-0.0948334234473785,-0.236027742641459,0.161737686326066
88,0.013629352159714,-0.140511083274667,-0.0925620470261658,1.40970325849751,-0.276109301251888,0.0255535607632127,0.246979667857514,-0.221668970510802,-0.307980051697174,3.61161692329478,-0.362201311319671,-1.79181141989582,-0.84824380905539,1.11324234527882,-0.0861470758794883,0.461524063695241,0.0593592394490917
89,-0.0962232262475808,0.538852303879895,0.118290155943982,1.04307218071169,-0.30024080522309,-0.107979529175783,0.126770398776959,-0.325615436908522,-0.349547069810423,-0.739433721967275,-0.679928181683971,-1.39356515863378,0.695912284075585,0.605339910699508,-0.0584761336271371,0.766315794350352,-0.174795099702172
90,0.0670564126257928,0.525927579263184,0.298239055673764,0.202255889774834,-0.310342365024988,-0.211679151622751,0.000175744545439408,0.0785860333308068,-0.265452739436094,-2.83942549235433,-1.08898322503893,0.335927546757548,1.34412696794593,-2.17277899505831,-0.0268649924780109,0.662240569248607,-0.0521690299570843
91,-0.0520641252501075,0.179134267351241,0.161613925558465,-0.570239849766505,-0.175654900999677,-0.268576735194043,-0.0153483569683749,0.32937253810362,-0.089993280139575,-5.40788430465873,-1.2979947952901,0.436527757314799,0.83320402520689,-5.08976548489295,0.0153130457124662,0.542677959459102,0.110587139988595
92,-0.151830983059214,-0.283498398835713,-0.111044883892413,-1.46314210562865,0.0578033699775294,-0.122657091663421,-0.106055975021168,-0.0428935719773726,0.0489750015393724,-6.51210532946319,-0.99381158184225,0.157725698853036,-0.0280384541747033,-2.76315803344015,0.0522971853571946,0.35001489394337,0.188214127924194
93,-0.0975861614635522,-0.347155687368487,-0.137955894369669,-1.53890350915635,0.251416599513914,0.18277719324229,-0.186054892105186,-0.689741161066802,0.0604985313133424,-4.13446812282777,0.0536255604935137,0.85495341184496,0.597723980950379,-0.43079640032671,0.0709235801419488,0.19142407474071,-0.0100562147745207
94,0.00572432790707988,-0.18254663623369,-0.0141948187132778,-0.235401503818202,0.384420470238909,0.487808663397054,-0.124474003383218,-0.943032399969681,0.0432132366523874,-1.36087608442923,1.95833958116245,-0.0862075550645474,0.0497387137275387,1.64646317916495,0.0881171753278758,0.467099522182834,-0.435839974185582
95,0.0839568093038382,0.0776389415644032,-0.0300161270707854,0.649383458808832,0.422020720612642,0.544303432217398,0.0662205447215689,-0.519106148456086,0.156390761218164,1.24701919304675,3.30318810848783,-0.490537309885359,-1.61441336910897,3.7195030254388,0.113280718282279,0.901985284215128,-0.466207917919507
96,-0.0913166594700838,0.137853663260016,-0.179209586255133,0.0581739348516245,0.378808492571188,0.293450546065032,0.266756787370962,0.18378486679356,0.350370179079992,4.6687686187009,3.54038512691648,-0.63223819643724,-0.856837971254533,2.64232021856667,0.144891859431405,0.882161431814795,-0.0712199897391785
97,-0.149105112627271,-0.226786639886685,-0.296760428724465,-0.779936591673524,0.289578047654419,0.0506539549316099,0.29136102373248,0.503451560143176,0.402911987454165,5.43968790560356,2.36391719909291,-0.33577916886587,0.526714715779962,0.448058945308635,0.177040300430092,0.307269712205153,0.372039969620488
98,-0.020444028239571,-0.245690559536361,-0.271328045196508,0,0.120657519856008,-0.0483881219575319,0.128457546413178,0.218851144614478,0.0851918094004209,2.02938777628954,-0.0133606345256877,0.735805964828039,0.494808888615644,-0.801749311382745,0.197815894613087,-0.0613300433635286,0.359546463562628
99,-0.0667838255825986,0.0241281658148418,-0.134850777776139,0.959869925051805,-0.099332004718667,-0.0211225985027936,-0.04927877054121,-0.28960988378883,-0.452847283141368,-0.40740412810326,-3.1816612410213,0.558642762165268,-0.468274412825791,-1.28049722554814,0.214113990049747,0.11088967436436,0.0581500985846324
100,-0.115576906314375,0.101706711469821,-0.0264674223924659,0.573622055281135,-0.364217350635112,-0.00425473080687975,-0.240840325070164,-0.460244896399546,-0.675909895194644,-1.2737342178404,-4.24758364482412,-0.0928845601900287,-0.345915028515496,-1.38100359855401,0.22924793581236,0.1431034345149,-0.500896944412243
101,-0.171184663126008,6.03959094238842e-05,-0.0461331608181529,-0.0845551378657333,-0.565126151139535,-0.115406426146372,-0.363064798271758,-0.0861002357210034,-0.412926483567257,-3.33810595516925,-2.61502391921954,0.323018670181617,1.13356999406693,-1.89159131790829,0.239546182928931,-0.159829809977681,-0.672811041424889
102,0.0264409431898451,0.077729535428539,-0.0958150263146253,-0.156257894775875,-0.549412613669915,-0.128900720303103,-0.216611010405585,0.410776397330751,-0.0307294127305866,-2.63206601419405,0.379588438442141,0.443946651898667,0.713960024693785,-0.496777683368735,0.258709877563245,-0.488162365358187,-0.565238949970733
103,0.19489973588391,-0.135830400294316,-0.032825518274455,0.0162345864702208,-0.309219969491444,0.0428494191320079,-0.049841153086616,0.545092765055516,0.0407439088436796,-0.464014537785055,3.21972989829998,-0.316044909272781,-0.648751819007789,1.46654909924222,0.278500422022046,-0.684542403198981,-0.14870739506644
104,0.0809583518287011,-0.191304043100153,0.0690518785322994,-0.498537092856364,0.0291822838721508,0.13355826586093,-0.0083771566659451,0.449286684580509,-0.189863871513982,-0.899405834719765,2.54401123160355,-1.14429030061582,-0.124507924860081,2.20346796391507,0.292112018210905,-0.693215338624126,0.428454814451002
105,-0.0054517408638856,0.171554580718543,0.126126878775271,-0.611502757044983,0.286210861053786,0.11168038970011,0.0319269257548257,0.124610522970761,-0.324853791723344,0.88350403424735,-0.292927336415934,-1.02618149884064,0.397480001710353,1.23216209959875,0.302320715352549,-0.582945159647277,0.745294897719177
106,-0.0550625827252445,0.454660406143001,0.138251619759529,0.326044611610268,0.356360581900303,-0.0152062568482566,0.234654117070697,-0.440520115125279,-0.115921222131008,2.84324192446771,-3.03670750753713,-0.188143166646895,-0.0306167028344461,-1.34340961170449,0.309036963472052,-0.211247927141043,0.293838602661907
107,0.137383869769917,0.436662425134683,0.13322428813191,0.813758646819817,0.289578047654419,-0.325373615077597,0.210377937194,-0.62774899134768,0.283012403853572,-0.422669856556778,-3.08795377695073,0.92187184099145,0.298110001282764,-1.57396049024086,0.295425367283193,0.107792197426808,-0.111117385390085
108,0.0095405465117998,0.0685795551508206,0.0777757775331681,-0.406541102858446,0.233458270977206,-0.55588435630713,-0.0136846419382152,0.0882918780848108,0.466154216332738,-2.11016892268941,-0.943663446773231,1.46597356977234,0.944068717575832,-0.917983780927708,0.284768920266916,-0.192043570128221,-0.22378149372757
109,-0.214798590037093,0.029201422206448,-0.0896047931275663,-1.38129273217462,0.228968688843029,-0.30231247058587,-0.0574918989647449,0.817795693466404,0.196997485183582,-0.0260789527747598,1.7354183092133,-0.0652862723380393,0.507700131914359,0.0947521913452335,0.27894817189668,-0.568077270347028,-0.17377545255981
110,-0.0329830322265079,0.0387137779407098,-0.209965026800568,-1.08162932357846,0.258712170481952,0.267569698316675,-0.161544386167904,0.64340357966059,-0.318131732688528,1.2645111735664,2.60294444142919,-1.14696110266601,-1.0716920262331,1.15428884112473,0.254411478766763,-0.553828876434289,0.149048307231729
111,-0.0324378581401193,-0.126589826152461,-0.0471681996826628,-1.02210250652098,0.323249913660747,0.496469180542419,-0.282128576945396,-0.141204386582446,-0.724473342099232,2.21639294984513,1.16072800221797,0.105645058874282,-1.57359109866304,1.09713063662902,0.220740688194323,-0.358068333981005,0.489694627633343
112,0.0139019392029083,-0.0346068560998857,0.213070143394097,-1.22841704291337,0.441101444682894,0.271094327387463,-0.175978871499994,-0.726999081251527,-0.65876178541195,2.85977979695903,-0.477962973477171,-0.816671915792201,0.439376542431174,0.941384119680984,0.205785842381564,-0.0161068800752701,0.11849247463467
113,0.0629676069778786,-0.108048281959329,0.223272669344266,-0.380159899844337,0.512373561062955,0.103120576242482,0.0589447205403774,-0.655927250310917,0.158036979757303,1.30712799883247,-0.73712267879736,-1.19948687631979,0.794960003420705,0.0387448231816542,0.202651593259129,0.494357319233291,-0.692704873134533
114,-0.061332084718713,-0.343894308259597,0.0127161917639781,0.795494737040819,0.443346235749983,0.0261074310457651,0.184133418408382,-0.292740801451412,1.21820171896254,-0.428394504726847,0.20580867841282,1.00971155286445,-0.440343385678577,-0.336427821092185,0.194233895616019,0.790476114463258,-1.04158115102903
115,-0.166005509305316,-0.243395514978254,-0.227708550192165,0.87057969946559,0.315393144925937,-0.219634742953958,0.112757700353924,-0.024108066001881,1.35264289965886,-0.565149988789612,0.864231729182156,2.01556528054529,0.817412252165966,-0.91644933248487,0.168891252711762,0.753306391212634,-0.0542904127777839
116,-0.0280764654490108,-0.0196890664721863,-0.359454211374775,0.842169173142704,0.296873618622457,-0.526176768424774,0.073121447205823,0.176583756169622,0.577411152602853,-0.896861546644178,0.636277341487032,1.40306134370114,1.47217998471315,0.00268528477496613,0.138175611311903,0.312225675305237,1.43563220266803
117,0.289487439872325,-0.297510249822054,-0.281678433841607,0.949723308507917,0.425387907213275,-0.551755505109921,0.104837479506121,0.375083935977317,-0.500313251019863,-1.52975320544628,-0.306654015723147,1.68735338415496,-0.578172261947329,-0.0794077069168556,0.112832968407646,-0.273816961279592,1.98202409018797
118,0.14965028671366,-0.589101700520567,-0.123317487571601,-0.403835338446742,0.521913923098081,-0.146549041578977,0.161122599258849,0.358803164131891,-0.630776070246595,-1.88372728396222,-1.19037762952155,0.549740088664626,-2.29206305851137,-1.00659817850159,0.0922364741745041,-0.315942647630299,1.41136753757172
119,-0.0095405465117998,-0.319615152671195,0.058553627192271,-1.49155263195154,0.472528519622133,0.377336717949786,0.164496894531286,-0.0344400942884014,0.0986359274700525,-1.62898044039414,-0.942199267647128,-1.63809192411808,-0.820527635963155,-0.687816514502039,0.0640282320725927,-0.263905035079426,0.180828246003081
120,-0.139291979072277,0.108259667642313,0.169894236474544,-0.532359148002657,0.333912671229417,0.554675912054288,0.0727933907210027,-0.505017018974467,0.33157585075816,0.821487012404934,-0.0654305046977172,-2.59898715062067,0.855226565842194,0.297682997910531,0.0294619417508853,-0.392760075681587,-1.34567785169875
121,-0.0760517850512041,0.574244306802291,-0.0192221503408971,0.211726065215796,0.177338494299993,0.248435997646683,-0.0605029888432735,-0.521297790819894,-0.488378166611108,2.36523380226693,1.06372613511366,-2.45179628207673,0.652941473079871,1.177689179878,0.00832814766818338,-0.0520376125508728,-2.60655214727109
122,0.145288894022551,0.350054691020833,-0.125683290690481,-0.759643358585748,0.109994762287337,-0.132576404905496,-0.15596742592596,0.0488423155362783,-1.59408828539918,1.78768040910884,1.62926532257085,-1.46300601193879,0.776052846582591,2.1317324992124,-0.0263276926284507,0.509844703921051,-2.27937757470845
123,0.100312031895495,-0.101978493062229,0.0550049225139516,-0.658853634249794,0.2396314464117,-0.32245320813323,-0.0905435898103829,0.738270384836822,-1.46239080226809,1.82139222611036,0.803834340230417,-0.000296755783354724,0.43690572079892,1.07373029787574,-0.076296578637551,0.689498366299064,-0.101663321722907
124,0.0558803438548274,-0.173487249820107,0.12878840728401,0.812405764613966,0.535943867267384,-0.397074640746198,-0.0441001646022621,0.94678950116478,-0.173264501244334,-0.277963472257806,-0.425344036132853,2.91651583881023,-1.10563896691972,-0.18720271002621,-0.123937165298557,0.740296988074916,2.53187324512969
125,0.00054517408638856,0.0149479875824114,0.0416972799702536,0.738673684395046,0.847969825592688,-0.173814565033715,-0.040069756360185,0.48028276944007,1.11682209392726,-3.40044101302112,-0.791388817658544,3.05658456855366,-1.0596601991543,-0.977827270198382,-0.137548761487416,0.792954096013299,3.3422307300819
126,0.00299845747513708,0.0859131811554753,-0.110601295807623,-0.141376190511506,1.02137993552528,0.351053055450481,0.117537951989876,0.0504077743675693,0.938481752187245,-1.76382770840022,-0.71140803289518,1.85472364596703,-0.647355267650428,-2.27328536806419,-0.109340519385504,0.582945159647277,1.73934574326026
127,-0.0463397973430276,0.298476584372836,-0.281234845756817,-0.0162345864702208,1.05673539483192,0.73896366061263,0.174479184712244,0.00876656945522944,-0.0366283624958331,1.50335621666207,-0.873016803938773,-0.92246535255816,0.795067430448195,-1.95603815250747,-0.056685134128603,0.369838746343703,-1.08935098171727
128,-0.0569706920276045,0.384238775754752,-0.223124806649336,0.643971929985425,1.03765467076167,0.797573206875447,0.0464317089050915,-0.283661140229924,-0.140202945583301,1.61848525208235,-0.537170716888951,-2.79662650233492,2.05013739260551,0.0230167266425668,-0.00197009944838747,0.387184617193994,-2.51346992618225
129,0.111760687709655,0.222800509864709,0.0833945599405072,0.502595739473919,0.938883863809774,0.711773664923695,-0.0202340553315905,-0.606145659475864,0.635303171229226,0.610629138140717,0.553642732057607,-2.19124470429128,0.18767501702378,0.669019521077276,0.0552523345297758,0.0340722463130714,-2.06826239022761
130,0.0381621860471992,0.064200851717589,0.237911076142334,-0.248930325876719,0.810369575218956,0.56817020621102,0.0789678824174406,-0.279904039034826,1.0531683104139,-0.940114443929146,1.34082203472861,-0.196897462255859,-1.54566007151583,1.84479064040173,0.0931319739237711,-0.787998132913216,-0.619387693823527
131,0.0496108418613589,-0.286759777944602,0.0609194303111507,-0.59729749388354,0.723945119136048,0.13763676521427,-0.0219797844829553,0.18034085736472,0.572609681863699,-1.73552250355932,0.674254487570323,1.32293728219536,-0.486751861553948,2.68758644763039,0.0966244229459126,-1.27677999365891,0.761473480928674
132,0.100857205981884,-0.319252777214652,-0.200058226240259,-0.894255138067996,0.642010245187317,-0.60653831123874,-0.362127494029414,0.192864528015048,-0.106729835287484,-0.353974078515947,-0.280024257867154,1.95740114700776,-0.00171883243982855,0.127359220755537,0.0250739929794768,-1.1268621098814,1.55128034564049
133,0.101129793025078,-0.0430320854645175,-0.373944755477913,-0.518153884841214,0.513495956596499,-1.05416620322881,-0.420662143963766,0.129619991230892,0.0164621853913857,1.07973225207695,-0.80529851935652,2.6381589140235,0.337965428481289,-0.57618539028559,-0.152772257224955,-0.750828409662593,1.48023083204469
134,-0.0564255179412159,-0.0908354477735219,-0.309624483183373,0.458627067783737,0.24243743524556,-0.884984007830989,-0.194021978165106,0.30526447210174,0.536667243759173,1.26705546164199,-1.01357800004464,1.72177705502411,1.07255144245302,-0.173009061929961,-0.32130531003701,-0.625690341385494,0.740902799951239
135,-0.231153812628749,-0.275284555154064,0.06550317385398,1.14115614063594,-0.153768188095564,-0.427789265505922,-0.0207495726648794,0.415785865590882,0.138007987531117,0.173647661158766,-0.873016803938773,0.11247044189144,0.534342034731701,-1.05800220133666,-0.253068229142863,-0.209389440978512,-0.45387537921567
136,-0.150468047843242,-0.29557758072049,0.532305701747918,0.69876365932242,-0.570176931040484,-0.0900290968366982,0.133659584958184,-0.0206640565730408,-0.879080699899995,-0.0737843541920033,-0.349206721575509,-3.00316852754981,-0.311753233773904,-1.31924204872979,0.106385370212923,0.60276901204761,-1.2542205503103
137,-0.0179907448508225,-0.226605452158414,0.677063280084366,-1.53010977481831,-0.83001149705598,0.0113795167142583,0.268069013310243,-0.55667716040707,-0.910633221900151,-0.823077192452175,0.244151869277636,-4.56351043642895,-0.665940143406075,-0.427727503441034,0.430556279447588,0.531527042483915,-1.03399779121248
138,0.109307404320906,0.124506167277337,0.428653952602004,-2.5785934843534,-0.805318795318007,0.0374114199942208,0.21867307973874,-0.359116255898149,0.0879355069656518,-1.31444282704978,0.569931724835501,-1.62325413495034,-0.363855342106207,0.769142281972442,0.345662903217074,-0.594715572009974,-0.136047344769659
139,0.237695901665412,0.243365317023542,0.101285946027034,-1.11680426093061,-0.640887849653772,0.0345665408156562,0.16707448119773,0.208519116327957,0.78291410023865,1.75524073614511,0.774916802489887,1.48081135894007,0.374705471882624,1.92573279576143,-0.0743264791891635,-1.58714718280162,0.504369056779443
140,0.00790502425263412,0.303912216220986,-0.0415494172753236,0.240813032641608,-0.402378798775617,-0.04058358615793,0.0211830758769633,0.195056170378855,0.286442025810111,1.27278010981206,0.576886575684489,2.08500613385029,0.65014837036515,1.06490721932943,-0.462883820396128,-2.15336596698612,0.865347576116539
141,-0.0686919348849585,0.2442712556649,0.077923640228098,0.595944611677688,-0.0976484114183506,-0.125627850451657,-0.0949840686584853,-0.212589309289314,-0.692372080586029,-1.3297085555033,-0.0642408591577587,1.1948871616778,1.05880078293439,-0.365198729395394,-0.657117716012147,-2.08460197897246,1.01654374634186
142,0.0605143235891301,-0.077216170198436,0.337866257914998,0.70688095255753,0.0830572694822752,-0.0424466043810607,0.0496419759351181,-0.198187088041437,-0.522125646663449,0.409948416178846,-0.615504300135449,0.910743499115648,0.546803569920458,-0.0893816217953013,-0.611805428699235,-1.13925201763161,0.768916415585934
143,0.0992216837227179,-0.326258702707823,0.304597151555753,0.474861654253958,0.0465794146420868,0.178295879138002,0.124192812110515,0.299315728542834,0.637635314159672,0.951881776278733,-0.602875755172813,0.430592641647705,-0.575164305177629,1.14738382313196,-0.43619792786797,-0.457807091370178,-0.274725775566776
144,-0.18345108006975,-0.231437124912324,-0.0427323188347635,0.423452130431592,-0.126269497523729,0.382371902336625,-0.187507713680819,0.494371898921689,0.994590367396218,-0.741659974033413,0.42387985700675,0.0195858817014118,-1.09102889118117,-0.355608426627658,-0.55189649547327,-0.807202489926038,-1.3856292107323
145,-0.137111282726723,0.091831980279016,-0.173147215763003,0.669000250793682,-0.333912671229417,0.490628366653684,-0.347318087000387,0.0735765650706757,0.233763032557677,-0.621124326452511,1.29030785487806,0.69856311401702,-0.0314761190543604,-0.731931907233626,-1.03304851075445,-1.16031486080696,-0.965715455684233
146,0.203077347179738,0.338700260049143,0.0226229923242865,0.714321804689715,-0.505639187861689,0.42879630238329,-0.0183477305438742,-0.130872358295925,-0.395778373784564,0.219126810509872,0.599398329748319,0.304174677938592,0.936763679706561,-0.220576963657932,-0.97752752629989,-0.252134622716729,0.180969874806596
147,0.173092772428368,-0.0176960014611981,0.156143005846056,-0.347690726903895,-0.588696457343964,0.287811139551771,0.268162743734478,0.212902401055572,-0.0614588254611732,0.299907956909738,-0.42323927863908,-0.063950871312943,0.23419091992664,-0.15958263805513,-0.227546486288752,1.2699655443963,0.792049655113093
148,0.0738710887056498,-0.319977528127739,0.0727484459055489,-1.00925012556539,-0.549973811436687,0.0666406653598267,0.205925742042869,0.243898485915133,0.598949178489916,1.04284007498094,-0.786996280280235,-0.956889023427308,-0.422832780197824,0.0663648951527344,0.926663140541523,1.5326315887007,0.269510064178848
149,-0.0179907448508225,-0.492709829080048,0.012864054458908,0.421422807122815,-0.45064180671802,-0.353570647643901,0.0460802198142127,-0.347531860546596,0.40071702940198,1.05365329930219,-0.734743387717443,-2.23279051396094,0.00397480001710353,1.10748816361817,1.60545195048593,0.887117394914878,-0.317524756223413
150,-0.250780079738738,-0.541992891169937,0.12982344614852,1.45637769459939,-0.378247294804416,-0.743596030248523,-0.0343522004818896,-0.592369621760504,-0.677967668368567,-0.710810481116929,-0.464876872537627,-1.2046801025285,-0.0661750489333993,1.47345411723499,1.18564166802955,0.927384595103054,-0.616769767639568
151,-0.0558803438548274,-0.0898087173133159,0.1938479930532,0.593238847265985,-0.424826709446502,-0.767160693178934,-0.154514604350327,-0.227304622303449,-1.10461263976198,-1.42416525030944,0.0183022390762845,1.11001500763835,-1.1769705131726,1.26745441378401,-0.128772863944599,1.38147471414817,-0.640600719601042
152,0.174455707644339,0.523511742886229,-0.0569271375480413,0.376101253226782,-0.566248546673079,-0.412583008657665,-0.256024653796129,0.00407019296135653,-0.373417238627932,-1.10422102480446,0.289815955772966,2.13248705918705,-0.616738564815982,-0.411999406901947,-1.0620627026307,1.51032975475033,-0.658946263625798
153,0.132749890035614,0.81087547992507,-0.292915998656285,0.548593734472878,-0.680171693327822,0.132148414232614,-0.100853936476161,-0.149031680738901,0.388233205480179,-1.41844060213937,0.254401123160355,0.591879409900997,1.40084843846027,-2.11255189367693,-0.588791085143072,1.81512148540544,0.088937351844206
154,-0.184268841199333,0.609153142449297,-0.146236205285748,0.386924310873596,-0.646499827321494,0.604121422733057,0.0356761427241998,-0.0992500899038476,0.494963040767663,-0.795090023620726,0.265473977801507,-1.94968549664054,2.21772355548879,-1.79377022967738,0.127608714270552,2.4030226081528,1.29043218674451
155,-0.0706000441873185,0.330365624548647,0.039035751461514,0.702822305939975,-0.462988157587007,0.795559133120711,0.0476150555110502,0.191612160950015,0.130874373861516,0.300862064938083,0.351036945483138,-2.26840120796351,0.421436228840463,-0.334126148427929,0.388915541106671,2.37762329726488,1.60786606782913
156,0.170366901996425,0.0103277005114842,0.176695920441323,0.818493734540299,-0.320443924826886,0.673909078334658,0.091387163628492,-0.0169069553779425,0.0389605054262794,0.55624498052506,0.352684147000003,-1.20957657295386,-1.54136299041625,1.30811729751922,0.942065736228916,1.42917585898647,0.333757262694078
157,-0.0346185544856735,-0.435937674221596,0.25935116690718,0.373395488815078,-0.306975178424355,0.196775005837705,0.153530434895867,-0.53225600263893,0.270528579931771,0.500906714881057,0.343533027461861,1.05926976868469,-1.91306050552918,1.8597515127194,1.43638159782432,0.296118795229966,-1.25875106716383
158,-0.207438739870847,0.044330597517131,-0.0181871114763872,-0.396394486314558,-0.290139245421191,-0.595561609275429,0.122693125322765,-0.420482242084755,0.0868380279395595,0.131030835892696,-0.0723853555467054,1.15512188670826,-0.886058122731619,1.71589697120336,0.616193377470644,-0.398335534169181,-2.17264803421005
159,0.0343459674424793,0.418302068669822,-0.313468913251552,-0.440363158004739,-0.128514288590818,-1.03080294767387,0.0478025163595189,0.127428348867085,-0.476717451958877,0.334255845930153,-0.585763161636487,0.381776315285853,0.507377850831891,0.552785051532314,-1.02660091255972,-0.168502745402826,-1.26268337283877
160,-0.0013629352159714,0.0228598517169402,-0.148158420319837,0.547917293369952,0.104943982386388,-0.722347552136059,-0.00885752509014615,0.441772482190312,-0.670148130307659,1.34147588785289,-0.618981725559943,0.267970472369316,2.24135750153643,-1.63073508262586,-1.65954013534166,0.822689874613798,0.586488486289664
161,-0.266590128244006,-0.123056665451164,0.0484989639370326,0.89019649145044,0.0830572694822752,-0.346521389502325,-0.0595774009039592,0.481848228271361,-0.395092449393256,1.4041289817142,-0.395694408829272,1.18880366811902,1.29943732451039,-1.87547960925849,-2.17355699142094,0.735960520362343,1.38328611664582
162,-0.0910440724268895,-0.0792696311188481,-0.100103044467595,0.231342857200646,-0.136371057325628,-0.0851449679814635,-0.226499570162309,0.416725140889657,-0.0314153371218943,0.994498601544804,-0.215325842732488,1.89270838623643,-1.84344779171612,-0.868881430756898,-3.35561666045342,-1.23465430730821,0.895882023967911
163,-0.0676015867121814,-0.341116096426098,-0.231848705650204,-0.0527624060282176,-0.31090356279176,0.317518727434127,-0.424786282630078,0.0469637649387292,0.127856306539762,0.625258794575339,0.0135436569164506,-0.184582097246638,-2.91428040172931,0.949823586116592,-3.46164383076663,-3.23500491357926,0.131026864474622
164,-0.158645659139071,-0.516626609211906,-0.115628627435242,-0.356484461241932,-0.354676988599986,0.500497328051891,-0.349848808454714,-0.654674883245884,0.0323756312697252,-0.158381932705249,0.241131999830049,-2.83698528887116,-0.872629744295458,1.47498856567783,-0.550195045949663,-4.17168193949497,-0.639596479104728
165,-0.0466123843862219,-0.56023245581595,0.00443588084789932,-0.883432080421182,-0.286210861053786,0.307448358660447,0.00427645060569226,-0.989683073142152,0.239524797444662,-0.878415458096178,0.134612968406073,-1.5015842637749,1.4085831844395,0.233236163311344,3.90867730560073,-4.37425693121086,-0.97755891361899
166,0.0239876598010966,-0.423254533242581,0.0691997412272294,-0.788053884908634,-0.259273368248724,0.122254276912474,0.199880129679753,-0.577028125213852,0.441049383610875,-2.26187209919624,0.217888156203167,-0.50507834326974,0.760798208679113,-0.875402836638959,4.94888981434932,-3.84087140256442,-0.408692581176352
167,-0.101674967111466,-0.130062590944335,0.0955193009247654,0.369336842197523,-0.251977797280686,-0.0206946078299122,0.19195990883195,0.074202748603192,0.137596432896332,-2.23833743449707,0.872284714375721,0.71206550215966,-0.371375234030457,-1.38407249543969,0.688728857161273,-2.8323329116975,0.54839073935878
168,-0.159736007311848,0.354161612861657,-0.186159132916841,1.3833220554834,-0.0662213364791113,-0.142143255240492,0.305701778640335,0.41954296678598,-0.21990735985326,0.012085368359035,0.838608594475358,1.77519309602796,0.335387179821546,-0.507902434579309,-4.54770592667769,-1.5382070471883,1.02162713710826
169,0.0081776112958284,0.505996929153302,-0.416381348922816,1.43608446151161,0.24243743524556,0.125854433749064,0.336164166516499,0.388233790160161,-0.461215560715322,0.575963213110854,-0.0340421646818892,-0.371983374435147,0.563239905126319,0.296148549467693,-3.67513097099189,0.249656641166687,0.556701100285729
170,-0.0618772588051015,0.562889875830601,-0.242938407769953,1.09651102784283,0.340647044430683,0.495864958415998,0.0850955089017612,0.127741440633343,-0.475894342689308,-0.213402162339803,-1.03224628390245,-1.84582097246638,-0.763054176256388,1.76998627881339,1.33357822660846,1.81202400846789,-0.751350431802625
171,-0.199261128575019,0.65602036816223,-0.0694954666170894,0.363925313374116,0.00392838436740491,0.382271198648889,-0.083209184114045,-0.328120171038588,-0.128267861174547,0.353019970487602,-1.35399964686353,0.186214254055089,-1.30889090292944,1.89887994801177,5.44607127514237,2.50152237476695,-1.40900598760715
172,0.155102027577545,0.496454375464328,0.0607715676162207,0.0784671679394005,-0.418653534012009,0.0924208094204472,0.0505441312683737,-0.628375174880196,0.179163451009581,0.338708350062429,-1.13327464360354,1.49980372907478,-0.173387222367705,0.129277281309084,5.05778258386019,2.83481089324754,-0.623535853029037
173,0.403973998013923,0.171886758220375,0.13144993579275,0.400453132932113,-0.454008993318653,0.020669431907978,0.0626470722976342,-0.329685629869879,0.514443293480803,-0.536208711929817,-0.184669592279711,0.80376303921627,1.52976087144741,-1.49723806809897,1.82610308870533,2.9333106598617,0.711762172109533
174,-0.0160826355484625,-0.283860774292256,0.006505958576919,0.320633082786861,-0.0448958213417704,-0.190506201276089,-0.200442512225159,0.136508010088573,0.644357373194488,0.288140624560151,0.978437701018172,1.12633657572286,1.35572908691477,-1.59889527743698,-0.554672544695998,2.56161342735546,1.64578607662982
175,-0.240149185054161,-0.386413028494011,-0.0489425520218225,-0.466067919915922,0.570738128807256,-0.48257207163474,-0.252181706402521,0.0172200471442007,-0.188492022731366,1.39808629753468,1.47882091736379,0.29082066768763,-1.24142672966617,-1.30850090962993,-1.01442211596969,1.46138961913701,0.563193156007207
176,-0.133295064122003,-0.115960146093858,0.0665382127184898,-0.278693734405457,0.964698961081291,-0.240782517378686,-0.171761002409448,-0.386042147796354,-0.947261584395984,0.388958039555259,1.33862576603945,-1.53541442307734,-2.48414258366221,-0.543961972985997,-0.750786989785478,-0.358687829368516,-1.60008049578319
177,-0.0169003966780454,0.189008998542046,-0.019517875730757,0.802935589173004,0.888376064800282,0.256492292665627,-0.12958231150399,-0.163746993753036,-0.583584472124622,-0.274465076153874,0.516672209123513,-1.00733750659761,-1.34369725983597,0.5969004442639,-1.19316386592339,-1.14978343921928,-2.11055764577713
178,0.0158100485052682,0.0906844579999622,-0.19503089461264,0.825934586672483,0.394522030040807,0.359310757844899,-0.0255532569068899,0.359116255898149,0.394818079636733,-0.434119152896916,-0.361743755342764,-1.68438582632141,0.681839343474489,1.32307816983688,-1.33250362690934,-0.218062376403657,-0.29392213557095
179,0.0733259146192613,-0.192662951062191,-0.0618066064807305,0.203608771980686,-0.171726516632272,0.287408324800824,0.104228231748598,0.291175342620121,0.999940577648418,-1.22157631229088,-0.800539937196686,-1.1057120487797,2.63711867080696,1.57319326601944,-1.10827048969288,0.073100455726226,1.84508307970457
180,0.0027258704319428,-0.300288461655552,0.0906398319920761,0.219166917347981,-0.543239438235422,0.258103551669416,0.280207103248592,-0.105511925229011,0.638595608307503,-1.48395602008572,-1.01394404482616,0.878100362946629,2.335893285727,0.143470929405333,-0.917349943149146,-0.678966944711387,2.68038689359778
181,-0.209346849173207,-0.185717421478444,0.178322410085553,0.649383458808832,-0.647061025088266,0.0860764770930289,0.3500831345153,-0.232940274096097,-0.155018912435548,-0.0553382656440025,-0.733187697395959,2.16275614908923,0.874778284845244,-1.22525708160598,-0.656849066087367,-0.60400800282263,1.05819705830604
182,-0.174455707644339,0.0561379978095004,0.154072928117036,0.296281203081529,-0.565687348906307,-0.121096184503501,0.212393141315039,0.00814038592271305,-0.58070358968113,0.866330089737143,0.00503311574597825,1.34608423329703,-0.475686877722552,-1.07795003109355,-0.338230255298157,0.00309747693755195,-1.45145370475819
183,-0.0302571617945651,0.060003336012629,-0.182758290933452,-0.110936340879842,-0.384420470238909,-0.239976887876792,-0.0468769284202047,0.386042147796354,-0.537078798393958,0.782368583242794,0.412898513560979,0.440533960390088,-1.5830446770821,-0.604572686478089,0.504255908812265,-0.0235408247253948,-2.12749291998785
184,0.0692371089713471,-0.278425142444106,-0.380746439444692,-0.0940253133066954,-0.149278605961387,-0.310872284043498,-0.264882178886275,0.246403220045199,-0.446948333376121,0.194638037782354,0.324224165236381,-1.50989342570884,-1.83614275384685,0.95864666466291,1.39053201066184,-0.522854107058769,-0.81068367253651
185,-0.156464962793517,-0.379407103000841,-0.0746706609396386,-0.0818493734540298,0.213255151373409,-0.356188943525058,-0.126301746655788,-0.236697375291195,-0.146239080226809,-0.372738203073396,-0.036146922175662,-2.26424662699654,-0.763698738421324,1.14239686569273,1.82681948850474,-0.515420162408644,0.086068184989535
186,-0.213708241864315,-0.134229908694583,0.170042099169474,0.645324812191277,0.441101444682894,-0.397779566560356,-0.025119753694806,-0.0851609604222289,0.240759461349016,0.18605106552725,-0.312968288204466,0.547959553964498,0.818164241358391,0.637179715888392,2.0664552214086,0.25461260426677,-0.20543394362911
187,0.0417058176087248,0.292799368886991,0.0931534978058857,1.17294887247345,0.283404872219926,-0.334940465412593,-0.157420247501592,0.37101374301596,0.199741182748813,0.189549461631181,-0.214319219583292,1.90635915227075,2.61004705987966,-1.02539517192635,1.22289445759906,0.52347360244628,-0.624085918438725
188,0.140927501331443,0.704820262976729,0.13026703423331,0.463362155504219,-0.177338494299993,-0.127717451972195,-0.137783723624496,0.0795253086295814,-0.0511699595915572,0.495182066710988,0.0360554109802805,0.0192891259180571,1.86450348910402,-1.25748049890557,-1.08212189701428,-0.0532766033258935,0.218825970099074
189,-0.109852578407295,0.23059158218039,0.208042811766478,-0.36324887227119,-0.767718544944274,-0.0725066551704952,0.0996354409611149,-0.605519475943348,-0.0226355049131553,-0.105905991146281,-0.027270336223664,-0.882996833371982,-0.132027816784331,-0.970155027984193,-1.67959932972524,0.156732333040129,2.15531676105013
190,-0.212617893691538,-0.386413028494011,0.218245337716647,-0.612179198147909,-0.80363520201769,-0.266965476190254,0.146594383502525,-0.791182893334457,0.0419785727480335,-1.58477343508083,-0.360737132193568,-0.581196201700227,-1.73945842910649,-0.779499808961597,-0.678788809944409,0.680825430873919,3.01677736875744
191,0.152921331231991,-0.369864549311867,0.159987435914236,-0.439010275798887,-0.333912671229417,-0.392240863734832,0.095968238112946,-0.231687907031064,0.0633794137568349,0.103043667061246,-0.236922484842503,-0.195562061230763,-1.59765475282064,1.28164806188026,-0.41855658280741,-0.418159386569513,1.02889353727956
192,0.135748347510751,-0.169923891164098,-0.0616587437858006,0.455921303372034,0.0342330637730999,-0.303823025901922,0.211127780587875,0.505956294273242,0.201387401287951,1.09467994452101,0.617243012847696,0.83076781550155,-0.188856714326162,1.30811729751922,-0.526822502493794,-1.47192104072469,-2.17342518716305
193,-0.162189290700597,0.0398914981744755,-0.229926490616115,0.442392481313517,0.12907548635759,-0.020291793078965,0.196412103983082,0.70915285057481,0.10906197821793,0.0473873654077952,1.18378882345408,0.822755409350973,0.505121883254616,0.649071691320385,0.126892314471138,-0.257090585816812,-3.04363709079749
194,0.190538343192802,-0.148936312639299,-0.117550842469332,-1.09718746894576,0.148156210427842,0.26112466230152,-0.184930127014374,0.58955179586418,0.0625563044872656,0.803358959866381,0.716990215813447,-0.75598535809616,0.238273146971233,-0.00959030276773619,0.845351763308076,1.76432286362959,-1.15640961228596
195,0.26495460598484,-0.125140324326288,0.110897021197483,-1.25547468703041,0.194735625069929,0.411374564404824,-0.455342400930476,0.507208661338275,0.18437647638352,0.512356011221196,-0.18457808108433,-1.012679110698,0.465588737138559,-1.03613631102622,0.527359802343354,2.32744417087653,1.14500508327768
196,-0.0218069634555424,0.114057674947005,0.0442109457840632,0.311839348448824,0.30304679405695,0.486700922831949,-0.153342974047398,0.190985977417499,0.170520803679103,-1.87673049175436,-0.956108969345104,-0.300020096971626,0.400487958480053,-1.33612098160101,0.440138126764745,1.54378250567589,1.6348822636181
197,-0.0855923315630039,0.22763218261862,-0.150228498048857,0.461332832195441,0.416969940711693,0.492743144096157,0.220594553435545,-0.429248811539984,0.0862892884265133,-1.6366133046209,-1.16658471872238,0.886261146988884,-0.360417677226549,-0.808654329375515,0.0107459969912044,0.297977281392498,0.894094211082743
198,-0.245600925918046,0.130696747993286,-0.256985363788301,-1.42390852165895,0.434928269248401,0.321546874943599,0.211643297921164,-0.613346770099803,-0.0655743718090196,0.329803341797877,-0.603058777563576,1.6208800886835,-0.82418015489779,-0.275433495489383,-2.0768430185001,-1.04137174640497,-0.167435056010368
199,-0.0196262671099881,-0.140994250550058,-0.156586593930846,-1.65119273224204,0.190246042935752,0.0908347263385926,-0.0804910018112488,-0.108642842891593,-0.194116602740089,0.266514175917667,0.697589842392585,2.03633818538012,0.369011839425692,-0.00345250899638503,-2.65963425532308,-1.1745632547197,-0.735668151227543
200,0.301481269772874,-0.197856999272645,0.175660881576813,-0.271929323376198,-0.317076738226253,0.0547828061288186,-0.20939376773954,0.262997083656883,-0.0983615577135294,0.766784818779828,1.15340710658745,0.0335334035190838,1.54351153096604,1.11055706050385,-0.196830844888893,0.257710081204322,-0.265384934699462
201,0.0706000441873185,0.00383514024841665,0.312286011692112,-0.121759398526656,-0.740781052139212,0.134968117489245,0.0230811169677089,0.253291238902879,-0.0481518922698031,1.73902089966325,0.417931629306958,-2.06126567118191,0.650363224420128,1.07296307365432,3.63071418342825,0.853664643989317,1.29429187255136
202,0.117757602659929,0.300530045293248,0.236284586498104,-0.579033584104542,-0.832256288123069,0.131418312496523,0.232498317313307,0.315909592154518,-0.172715761731288,-0.400407335895397,-0.215051309146343,-1.69981712705586,-1.1709545996332,0.228249205872121,3.10201113146099,-0.450992642107564,1.68989843374059
203,-0.0496108418613589,0.451640610671806,0.158213083575076,-0.096731077718399,-0.502833199027829,0.0429249468978105,0.218719944950858,0.348784227611629,-0.368204213253993,-1.10867352893674,-0.0265382466606126,-0.390085477219785,-1.82411092676805,0.676691763291465,-1.6670623332355,-1.3474024678351,0.272168071715417
204,-0.19680784518627,0.218633192114461,0.13041489692824,-0.100789724335954,0.0555585789104409,-0.0488916403962159,0.052910824480291,0.0867264192535198,-0.389742239141056,0.338072278043533,0.158131345619098,1.45410333843815,-1.54222240663617,-0.711984077476735,-4.30412999487705,-0.766315794350352,-1.45547508010559
205,-0.300936095686485,-0.191032261507746,-0.0600322541415708,-0.754231829762341,0.536505065034156,-0.0295313564288163,-0.077632223872101,-0.172513563208265,-0.0477403376350185,-0.448430773322089,0.131501587763104,0.906588918148682,-0.235480044256512,-1.36757717467918,-2.42501332101512,-0.15921031459017,-2.0852032814447
206,0.00517915382069132,0.0959087041651282,-0.295281801775165,-1.23382857173678,0.626857905484469,0.105235353684955,-0.0346333917545926,-0.241706843551326,0.312369967801543,-0.428712540736295,-0.00256231347067984,-1.20304794572005,1.74203667776624,-0.740371373669234,0.129578813718939,-0.11088967436436,-0.757814402492244
207,0.160281181398237,0.392090243979857,-0.0961107517044853,-0.65953007535272,0.228407491076257,0.192646154640496,-0.122880586171234,-0.288044424957539,0.423626904071658,0.596635553724992,-0.38334039745278,-1.576960232747,2.41581899417903,-0.453813126969276,1.63948094095808,0.264524530466937,1.57451108034967
208,0.0169003966780454,0.065227582177795,0.186011270221912,0.462009273298367,-0.264885345916445,0.171548732059637,-0.295485162398791,-0.15435424076529,0.127307567026716,0.0375282491148983,-0.636551875073176,-1.31047353929446,1.50741604972964,-0.28464018614641,1.19101466652515,1.71166575569121,2.03019112346963
209,0.147469590368105,-0.395230831269898,0.0995115936878748,0.213078947421648,-0.488242057091753,0.161453187364023,-0.161169464470966,0.402009827875522,-0.158860089026872,0.0302134208975876,-0.417657095720813,-0.30091036432169,-1.19716679434059,0.865812533871223,-0.258262127688612,2.34664852788936,0.499966928642983
210,0.181270383724196,-0.291833034336209,-0.116220078214962,-0.353102255727302,-0.41360275411106,0.149620504054949,0.00414757127237002,0.748915504889601,-0.0349821439566946,0.266514175917667,-0.294025470760511,2.42093368060784,-2.62680567616798,0.503682701361505,-0.77980118166173,0.0402672001881753,-0.965847054119227
211,-0.0700548701009299,-0.246747487951279,-0.103208161061124,-0.105524812056435,-0.0465794146420868,-0.0603215089543426,-0.107930583505855,0.272702928410887,0.197134670061844,-0.659924719605202,-0.19748115963311,2.66902151549239,-2.11674214964886,-0.124290323869861,1.38157701316917,-2.81870401317227,-1.48210931946129
212,0.0152648744188797,-0.16155905770889,0.0400707903260239,-0.61691428586839,0.504516792328145,-0.444707485045704,-0.275708042885343,-0.474647117647423,-0.0381373961567102,-0.229303962812217,0.0706466428344583,1.36507660343173,-0.761013062734091,-0.0161117086497968,2.50668289814827,-2.39806664505272,-0.884024523517225
213,-0.00218069634555424,-0.071478558803167,0.0362263602578445,-1.20068295769341,0.880519296065472,-0.571493427906334,-0.19195990883195,-0.626809716048905,-0.621721868281333,-0.310085109212083,0.302444500735602,-0.0336817814107612,1.3153365245788,-0.518259961568464,0.11596721753008,1.0971263312809,0.52420671842537
214,-0.0471575584726104,-0.275284555154064,-0.084725324194877,-0.635178195647389,0.858632583161359,-0.29919065626603,0.122130742777359,-0.143396028946253,-0.733527544064494,-0.535254603901473,0.390112225911005,-1.32115674749523,1.68273695859215,-0.227481981650702,-2.86380819815596,2.9630464384622,1.36197599690102
215,-0.355180917282147,-0.167810034334262,0.039035751461514,-0.232019298303572,0.586451666276876,-0.0747976640665074,0.365361193665499,0.269572010748305,-0.159820383174703,-0.103361703070694,0.603882378322008,-0.727348425002429,0.677864543457385,0.502915477140086,-1.88341507265842,0.371697232506234,0.57365402794504
216,-0.088590789038141,0.0543261205267839,0.191777915324181,-0.731909273365788,0.487119661558209,-0.108986566053151,0.513080342258836,0.159676800791679,0.320601060497236,-0.667557583831961,0.512737227722111,-0.237107870900425,-0.84684725769803,-0.348703408634888,1.01119831687233,-2.23637834891251,-0.624439789840142
217,0.545446673431754,0.238684634043191,0,-0.26178270683231,0.487680859324981,-0.0576528612293174,0.523015767227678,-0.0554172426277004,0.0408810937219411,-0.170467301064284,0.123906158546446,-0.686841260574509,-1.56327810402407,0.0632959982670588,1.71327012029768,-1.07358550655551,-0.604961215387264
218,0.110670339536878,0.427119871445709,-0.19577020808729,0.529653383590953,0.293506432021824,0.0900542727586324,0.312872156094263,0.214467859886863,-0.490847494419816,0.986229665299148,0.00164720151686561,-0.746637550920486,-1.06137903159413,0.672088417962952,0.457063072025892,0.28558737364229,0.249792125011587
219,-0.249417144522766,0.0985359262250671,-0.220019690055806,0.574974937486986,-0.056119776677213,0.0635188510399859,0.0507667410259303,0.62587044075013,-0.488103796854585,1.44992616707476,-0.102034982850286,0.874390915654695,-0.348063569065282,-0.165336819715772,-0.604730980680026,-0.484445393033125,-0.0195559326670587
220,-0.130296606646866,-0.234275732655247,-0.240129016566283,0.677793985131718,-0.510128769995866,-0.0209463670492542,-0.224765557313973,0.314344133323227,0.139379836313732,1.45883117533931,-0.360737132193568,1.14547732374924,1.00508726918975,-0.407396061573433,-0.112922518382573,-0.846230699339193,-0.706170843481233
221,-0.059423975416353,-0.159082825422511,-0.0816202076013475,0.21104962411287,-0.833939881423385,-0.114046926361925,-0.429285342993327,-0.336886740493817,0.656704012238027,0.240435223142907,-0.457555976907114,-0.82794863555968,1.4416707089062,-0.214822781997291,-0.239904382828637,0.517898143958686,-1.19239696968004
222,-0.0460672102998333,-0.219146557344564,0.06550317385398,-0.974075188213248,-0.98546327845186,-0.19961988501627,-0.351864012575753,-0.509087211935824,0.309626270236312,-1.46550993153772,-0.226124163787496,-1.3692311843987,1.00723580973953,-0.79791319027565,-1.04271990804653,2.53435563030501,-0.70926741885101
223,0.14965028671366,-0.108501251280008,-0.0351913213933346,-1.14047969953301,-0.901844811202813,-0.218829113452064,-0.153249243623164,-0.301194279140383,-0.309626270236312,-1.03997775089591,0.116493751720551,-0.37346715335192,-0.17123868181792,-0.65981283042025,-0.458048121750086,3.24119986745436,1.29241739728217
224,0.21398082890751,0.171071413443152,0.0165606218321575,-0.750173183144786,-0.465794146420868,-0.175199240740096,-0.132206763382552,-0.0385102872497579,-0.335828581984268,0.136755484062765,0.0769609153157765,0.612355558952473,-2.06173951157435,-0.0122755875427023,1.02910831185767,1.86592010718129,2.10650537689468
225,-0.1191205378759,0.179979810083175,0.212774418004237,-0.485008270797846,0.0123463508689869,-0.0407849935334036,-0.189522917801857,0.214154768120605,0.268196437001325,0.482778662342505,-0.00942565312428654,1.81911295196446,-1.83442392140702,0.3329753120958,0.892992349969082,-0.310986684530216,0.0446018792160607
226,-0.125117452826174,0.22763218261862,0.221054728920316,0.0358513784550709,0.381614481405048,0.152767494296724,-0.0874973510227665,0.230748631732289,0.776192041203835,-0.179372309328836,0.00905960834276085,0.834032129118452,0.122359384310295,0.81287406259332,-0.274202023225565,-1.53387057947573,-0.663309473932396
227,0.0474301455158047,0.309831015344526,-0.0677211142779296,0.250283208082571,0.528648296299347,0.350046018573113,0.162856612107185,-0.144022212478769,0.195625636400967,-0.396590903782018,0.0684503741453042,-0.186362631946767,1.54866802828553,0.391667965034346,-0.547329446752009,-1.54006553335083,-0.235846903656957
228,-0.185086602328916,-0.0791790372547122,-0.310511659352952,0.31251578955175,0.449519411184476,0.408152046397246,0.249885311008779,-0.331877272233686,-0.416904845036842,-0.330121377807325,-0.0543576500565651,1.45232280373802,1.13013232918727,-0.393969637698603,-0.353185101110917,-1.59643961361427,-0.871820373530456
229,-0.152648744188797,-0.290745907966579,-0.211295791054938,0.539800000134841,0.31090356279176,0.273712623268619,0.181790157802523,-0.0469637649387292,-0.1205855079919,-0.183824813461112,-0.204893566459005,0.490834065668714,0.209912411714062,-0.483734871604613,-0.649774618068157,-2.17071183783641,-0.8795529852306
230,-0.020444028239571,-0.26417170782007,-0.12730978033471,0.261106265729384,0.154329385862336,0.135068821176982,0.100291553930755,0.173765930273298,0.300983622905835,0.768693034836518,-0.166733397984952,-2.03040306971302,-1.48249297935213,-0.744974718997747,-0.708519401620074,-2.24814876127521,-0.302297132192648
231,-0.0937699428588323,-0.401874381306526,-0.0830988345506473,-0.219843358450907,-0.0185195263034803,0.0374869477600234,-0.048165721753427,-0.0604267108878315,0.398796441106318,0.339344422081326,-0.103133117194863,-2.44704818954306,-1.40084843846027,-0.387831843927251,1.02122791406412,-1.36846531101045,0.695747284514297
232,-0.113668797012015,-0.163461528855743,0.103503886450984,-0.712292481380937,-0.248049412913281,-0.0125627850451657,-0.0269006317552587,-0.36068171472944,0.128130676296285,-0.60267823790451,0.0255316235114169,-1.25171589419023,-0.266096747090958,0.163418759162225,3.24242549214606,-0.0353112370880922,1.81919469855208
233,-0.0509737770773303,0.319131985395804,0.163536140592555,-0.383542105358966,-0.222234315641763,-0.00727584143898372,0.0549377449043589,-0.210710758691765,0.00480147073915416,-0.0839615064943486,0.284142261659317,0.812962468500267,1.16708722664359,0.0928341307916863,3.37281025563934,1.11447220213119,-0.0298261232871624
234,0.25923027807776,0.238805425862038,0.110009845027903,0.0730556391159936,0.259834566015496,-0.0470789740169535,0.032536173512349,0.29649790264651,0.296593706801465,-0.00413446812282777,0.510998515009864,1.74492400612578,1.4807741469123,-0.0345250899638503,1.07925629781662,0.510464199308561,-2.71827881736661
235,0.269861172762337,-0.0273895449237315,0.170042099169474,0.241489473744534,0.681855286628138,-0.127012526158038,0.1151478261719,0.439893931592763,0.361482154219177,-0.118945467533661,0.234360171371824,0.654940013863876,0.735982565329088,-0.011124751210574,-1.68568872802026,-1.5444020010634,-1.99850157837939
236,0.0572432790707988,-0.0691231183356355,0.167380570660734,0.470126566533477,0.530893087366435,-0.145139189950661,0.1105081701723,-0.0410150213798235,0.0370399171306178,0.688547960455548,0.095903732759731,-0.621703366128147,-0.291556952605918,-0.65904560619883,-2.35158234157522,-1.60077608132685,1.12852398415359
237,-0.172002424255591,-0.157693719505762,0.0702347800917392,0.89357869696507,0.0319882727060114,-0.124771869105894,-0.0257524340583879,-0.405453837304362,-0.242268495009893,-0.0674236340030375,0.205442633631294,0.158467588311423,-0.829014371134809,-0.246662587186175,-0.622461875715513,0.916233678127867,2.65364432626205
238,-0.0994942707659121,-0.0527558268817629,0.0273545985620458,0.453891980063256,-0.275548103485116,-0.131267256964917,-0.083689552538246,-0.200065638638986,-0.392074382071502,-0.82593951653721,-0.015373880824079,0.681796412257479,-0.580320802497115,0.583857632499779,1.18241786893219,2.72082374194563,1.20556804719223
239,-0.083684222260644,0.496816750920872,0.0757056998041484,-0.370013283300449,-0.323811111427519,-0.136252089507889,-0.0893719595074535,0.163120810220519,-0.246109671601216,0.305950641089255,-0.279017634717958,-0.732986784886169,0.140407124928495,0.658661994088121,0.932394338936832,2.11309876679794,-1.00669312202484
240,0.0877730279085581,0.708685601179858,0.109418394248183,-0.060879699263328,-0.167236934498095,-0.230208630166322,-0.10933653986937,0.360055531196924,0.212499376427137,0.401361443923742,-0.0351402990264663,-0.350616958033607,0.875637701065158,0.524781367450524,-0.481689315130736,0.526571079383831,-2.01811455977044
241,-0.0959506392043865,0.311038933533004,0.0473160623775928,0.411952631681853,0.240192644178472,-0.409058379586877,-0.184461474893202,0.488110063596525,0.366283624958331,-0.076646678277038,-0.134887501992217,1.12633657572286,1.20490154031982,-0.0214822781997291,-1.96401005009245,-0.279392419767186,-1.40938353067828
242,0.0586062142867702,-0.0775785456549793,-0.0380007125970042,0.288163909846419,0.529770691832891,-0.438363152718286,-0.140126984230354,0.283034956697408,0.150491811452917,0.166332832941456,-0.484185734763108,1.11891768113899,0.626192143235039,-0.962099173659294,-1.48044018548825,-0.213725908691085,0.224499066291556
243,0.139291979072277,-0.268037046023198,0.0570750002429713,0.280046616611309,0.365339746168657,-0.247126849706105,0.184274014044734,-0.189107426819949,-0.0949319357569908,-0.8370707768679,-0.444012319990663,0.738328388986554,-0.694623159745714,-1.00161122106237,-0.0579388337775769,0.346297921618308,1.49089632350035
244,-0.0795954166127297,-0.551535444858911,0.156882319320706,0.645324812191277,-0.143105430526893,0.0291537175998033,0.359174985666032,-0.327493987506071,0.0215380258870629,-1.06796491972736,-0.189245152048782,-0.893383285789397,-1.80649289425981,-0.482584035272485,1.33823482530465,0.716136667962011,0.531036998173373
245,-0.103855663457021,-0.465169294382756,0.00931534978058857,0.183991979995836,-0.560636569005358,0.13919767237419,0.203395020588541,-0.147779313673868,0.593873337994238,0.289094732588496,0.272794873432021,-2.80196810643531,-1.24056731344626,0.155746516948036,1.08176369711457,0.26948049356702,-0.946053124880051
246,-0.14201784950422,-0.116443313369249,-0.178618135475413,-0.298986967493233,-0.535943867267384,0.106368270171994,0.0404095291480345,0.0350662778209178,0.84313826179547,0.482460626333056,0.818110086709919,-2.26602716169667,-0.167049027745837,0.893432605842303,0.0651028317717131,-0.367360764793661,-1.31291505717678
247,0.152376157145602,0.00779107231568107,-0.179801037034852,-0.337544110360007,-0.133565068491767,0.128321674098616,-0.00164028242410114,0.185037233858593,0.402911987454165,0.558153196581749,1.08349255331604,0.235475714091974,1.64449293680597,0.95135803455943,-0.498256060492176,-0.176556185440461,-0.381952060035805
248,0.287579330569965,0.085007242514117,-0.00310511659352952,-0.167080952422689,0.263762950382901,0.137485709682665,-0.10868042689973,0.032248451924594,-0.256398537470832,0.86124151358597,0.76027501122886,2.46485353654434,2.00630716538988,0.594598771599644,-0.535240200136904,0.949686429053428,1.22130770147525
249,-0.0727807405328727,0.191726814466121,0.0282417747316257,-0.180609774481206,0.230091084376573,0.127012526158038,-0.255227945190137,-0.469011465854775,-0.724610526977493,0.435073260925261,0.130403453418527,2.20430195875889,0.640050229781157,0.337578657424314,-0.614850127846743,1.43227333592402,1.59563503645472
250,-0.216979286382647,0.1562744156343,-0.157917358185216,-0.78061303277645,-0.172848912165816,0.16719329756502,-0.320089398760308,-0.595500539423086,-0.605945607281255,0.791591627516794,-0.372908121179298,0.510568325261803,-0.832022327904508,-0.184901037361954,-0.00376109894692153,-0.0941632989015793,-0.097336300985932
251,-0.153193918275185,0.102129482835788,-0.253584521804911,-0.387600751976521,-0.612827961315166,0.207550300425543,-0.264272931128752,-0.147779313673868,-0.0455453795828337,0.68441349233272,-0.410244688894918,-0.781803111248021,-1.05106603695516,-0.692036247719843,1.54670716693401,-1.44094627134917,-0.671411604408851
252,0.276403261799,0.118466576334949,-0.058701489887201,1.24532807048652,-0.904089602269901,0.417618193044505,-0.0896180018710687,0.095179896942491,0.200701476896644,-0.77759804310107,-0.187689461727298,-0.80717573072485,0.27028640116304,-0.564677026964307,1.57464675911115,-0.790476114463258,0.161110106228449
253,0.491474438879287,0.0826216040918736,0.0950757128399754,1.39752731864484,-0.799706817650285,0.739769290114525,0.157420247501592,-0.169695737311941,0.188080468096581,-0.955380172382664,-0.121709889857292,-0.75761751490461,1.27494396224283,-0.0640632224884777,0.193607045791532,-0.106553206651787,-0.321720860590453
254,-0.0716903923600956,-0.119130931338612,-0.134259326996419,0.926724311008437,-0.488242057091753,0.77169235912709,0.0968703934462016,-0.247655587110232,0.0895817255047904,-1.01644308619674,-0.0048500933552154,-0.008605917717287,0.613086045881347,0.0295381325246275,-0.832814766818338,-1.21235247335783,-0.853966718777967
255,-0.241784707313326,-0.120429443391225,-0.348955960034747,0.624355138000575,-0.298557211922773,0.358605832030741,-0.108961618172433,0.15779825019413,-0.313604631705897,-0.930255327636249,0,0.307438991555494,-1.13099174540719,0.473760956726168,-0.241426732402391,-2.89490194583605,0.108190202883889
256,-0.139564566115471,0.0976601855384208,-0.19917105007068,0.0588503759545504,-0.156574176929424,-0.226885408471008,-0.0914340288406092,0.332816547532461,-0.512934259819925,0.655154179463478,-0.182198790004413,-0.665326466281291,-1.36561237344378,0.740754985779943,0.387214091583064,-2.33487811552666,0.380280479061058
257,0.0831390481742554,0.185566431704884,0.00798458552621878,-0.160992982496356,0.00168359330031639,-0.624060752904943,0.167261942046199,-0.181906316196011,-0.188354837853105,1.11471621311626,-0.346186852127922,-0.159654611444842,-0.620713364833086,0.243593690300499,-0.718728098761718,-0.393379571069098,0.105026343802074
258,0.0395251212631706,0.108138875823465,-0.0854646376695269,-0.388953634182373,0.176216098766449,-0.592137683892378,0.259445814280683,-0.300255003841608,0.317034253662436,0.471647402011814,-0.378581815292946,0.496027291877421,0.23279436856928,0.0410464958459109,-1.62372014537098,0.175936690052951,0.681633753575887
259,-0.164369987046151,-0.093976035063564,-0.0285375001214856,-0.43359874697548,0.143666628293665,-0.179730906688252,0.0746562829026604,0.243898485915133,0.52308594081128,-0.136437448053317,-0.253119966425015,-0.313077351439234,0.40532217471707,-0.162267922830096,-0.957110132016602,-0.0421256863507065,0.349744988051359
260,0.00599691495027416,-0.341357680063794,0.154812241591686,0.0243518797053312,-0.156012979162652,0.284689325231931,-0.0990730584157088,0.430814270371275,0.20125021640969,-0.734981217834999,-0.213404107629478,-0.745005394112035,0.865861841563633,-0.0345250899638503,-0.0932215238986978,0.562501811859434,-0.893978260022642
261,0.160008594355042,0.00226484660339566,-0.0493861401066124,0.466744361018848,-0.387787656839542,0.5027128091821,-0.0664431544791254,0.056356517926475,-0.203993913974921,-0.535890675920369,0.0479518663798655,-0.647669497171685,1.37119857887323,0.0226331145318574,0.187159447596809,1.58466920125158,-0.375756943344021
262,0.110125165450489,0.40706842951698,-0.356349094781245,0.861785965127554,-0.159380165763285,0.507949400944414,0.171292350288276,-0.248907954175265,-0.319229211714621,0.93566193979687,0.515482563583554,-0.0320496246023102,-0.0246007892950462,0.0141936480962496,-0.130832513367913,1.44838021599929,0.817364299186181
263,-0.163279638873374,0.133203178234377,-0.375571245122142,0.607444110427428,0.2053983826386,0.385594420344203,0.180196740590539,-0.265501817786949,-0.293026899966665,0.931527471674042,0.538726407210436,0.0491130821452068,-1.57788817976261,0.483351259493904,-0.102266071366295,0.0322137601505403,0.738804848071404
264,-0.355453504325341,-0.196830268812439,-0.183201879018242,0.346337844698044,0.244121028545877,-0.000201407375473598,-0.0878488401136453,-0.0638707203166717,-0.178477526618273,0.0206723406141389,0.0637833031808516,0.412935672538099,-0.92645068506759,0.0483351259493904,0.0218501938821155,-0.900746293440107,0.157416723931678
265,-0.0482479066453875,-0.246656894087143,0.0138990933234179,0.0574974937486987,0.0982096091851228,-0.528895767993668,-0.208175272224493,0.118974871178114,0.0316897068784174,-0.396590903782018,-0.129579852660095,0.78744147113176,0.511137796794016,-0.179914079922731,-0.349603102113849,-0.0439841725132377,-0.348245889293697
266,0.288942265785937,-0.17538972096696,0.137660168979809,0.271929323376198,-0.0836184672490474,-0.882567119325306,-0.210940319739406,0.0958060804750075,0.188492022731366,-0.217854666472079,-0.0416375938985473,0.396465726561911,1.43135771426723,-0.0303053567460464,-0.248411630446674,1.15597839309439,-0.0142757902038996
267,0.195990084056687,-0.0403746654498666,0.0443588084789932,0.576327819692838,0.0134687464025311,-0.776123321387509,-0.208175272224493,0.201318005704019,0.0183827736870473,-0.0702859580880721,-0.0519783589766481,0.261886978810544,0.671956056945475,-0.148841498955266,0.338678005172791,0.649231166110889,0.302640852861122
268,0.123481930567009,0.00776087436096913,-0.186898446391491,-0.0311162907345899,0.418653534012009,-0.248637405022157,-0.182868057681218,0.408271663200685,-0.263257781383909,-0.192093749706767,0.0780590496603536,0.166034860786968,0.028683016339639,-0.268144865385904,0.128593763994746,0.00929243081265585,-0.0478834948243118
269,-0.0940425299020266,0.0893859459473487,-0.121395272537511,-0.353102255727302,0.805879993084779,0.308858210288762,0.027509879512782,0.16468626905181,-0.438031316289121,-0.233756466944493,0.141293285668917,-0.397801127587008,0.0673567462357814,0.00268528477496613,-0.24608333109858,1.32633962465974,-0.272345769724133
270,-0.127570736214923,0.115809156320298,-0.0122726036791881,-0.186697744407539,0.707670383899656,0.413791452910507,0.207331698406384,-0.191299069183757,-0.425821862123843,-0.027351096812553,-0.119147576386612,-0.777648530281055,-0.538746542858762,0.46493787817985,-0.0257008428039638,2.00716505553366,-0.741314847490078
271,0.120210886048677,0.069938463112858,-0.191925778019111,0.432245864769629,0.291822838721508,0.0307649766035921,0.22664016579866,-0.0954929887087493,-0.0768235318264665,-0.0906402626927627,-0.186042260210432,-0.837148064843677,-0.935044847266732,0.332208087874381,-0.398318288473975,-0.214964899466105,-1.17471503483663
272,-0.153739092361574,0.00764008254212136,-0.286262177384436,0.60879699263328,0.125708299756957,-0.421142822115293,0.325291437305315,-0.06762782151177,0.222239502783707,-0.309449037193186,0.0449319969322785,-0.0575706219708165,0.0639190813561243,0.15306123217307,-1.02122791406412,-1.69431988484092,0.947866214293892
273,-0.178271926249059,-0.0331271563190005,-0.091970596246446,0.236754386024053,0.301924398523406,-0.613889680443526,0.311747391003451,-0.21853805284822,0.231842444262015,-0.522851199532989,-0.195650935725482,0.872610380954566,1.48464151990191,-0.0675157314848628,-0.861470758794883,0.0557545848759351,2.91435928186407
274,0.0308023358809536,0.214163894817094,0.0544134717342317,-0.285458145434716,0.595992028312002,-0.534937989257876,0.0462793969657107,-0.135881826556056,0.114823743104915,0.293547236720772,-0.607908870918791,0.578525399650035,1.09962305338032,-0.114700021102125,-0.520016704399364,1.48802792079996,1.59352705420637
275,0.0384347730903935,0.229142080354217,0.107939767298883,-0.349043609109747,0.752566205241426,-0.235747332991846,-0.185586239984015,0.0428935719773726,-0.20742353593146,0.374328383120638,-0.463961760583813,-0.261738600918867,-0.229034422607155,-0.0314561930781747,-0.217695989046815,0.276914438217144,-0.594006849318202
276,0.0812309388718954,-0.00259702410522702,0.187489897171211,-0.406541102858446,0.718894339235099,0.151584225965817,-0.218907405799326,0.10926902642411,-0.493179637350263,0.194956073791802,0.028368470568241,-0.318418955539619,-1.86622232154385,-0.330673639431544,-0.0231038935310894,-0.758262354312717,-2.18724021433428
277,0.127298149171729,-0.578351228643116,0.102912435671264,-0.489743358518327,0.580839688609155,0.277035844963934,-0.159529182046865,0.134003275958507,-0.298239925340604,0.44461434120871,0.430834707855738,-0.518283975629026,-0.969421496063303,-0.322234172995936,0.486793663701558,-0.125138068277099,-2.70607948195673
278,-0.237695901665412,-0.670998553699354,-0.113262824316363,-0.179256892275355,0.627980301018013,0.132274293842285,-0.178415862530087,0.153728057232773,0.143221012905055,0.0407086092093812,0.614314654595491,0.481634636384717,1.90102867845038,0.426193054998196,1.1200910863832,0.167883250015316,0.201893022933856
279,-0.361177832232421,-0.0850978363782529,0.106017552264794,-0.169786716834393,0.786799269014526,0.0763585712264278,-0.105212401203059,0.157172066661614,0.427468080662981,-0.367649626922224,0.423696834615987,1.16313429285884,2.30108692882047,0.496777683368735,1.23793885338674,-0.372936223281255,2.62989482089297
280,0.186449537544887,0.164307071587677,0.484398188590606,-0.184668421098762,0.712159966033833,0.279855548220564,0.222047375011177,0.133377092425991,0.55230631988099,-0.328849233769532,0.267487224099899,-0.297052539138079,0.118706865375659,0.0525548591671943,0.75508538858196,-0.944110970565834,0.757452105581268
281,0.0556077568116331,0.0540543389343764,0.482919561641306,0.158963659187579,0.372635317136694,0.467970036912905,0.560882858618355,0.220729695212027,0.461627115350107,-0.26778631995546,0.139097016979763,-0.69856311401702,-1.93970240834652,0.10395888200226,0.141757610308971,-1.68007149092818,-0.255152233584742
282,0.088590789038141,0.352712111035484,0.162944689812835,0.51883032594414,-0.0112239553354426,0.386802864597045,0.552259659588795,0.381971954834997,0.369850431793132,-0.123716007675385,-0.206357745585108,0.188143166646895,-1.37076887076327,-0.246662587186175,-0.496017311119008,-1.76122538669204,0.387935094615583
283,0.264136844855257,0.516626609211906,-0.230813666785695,0.679823308440496,-0.377124899270871,0.293651953440506,0.277113999248858,0.237949742356228,0.254752318931693,-0.211175910273665,-0.295581161081995,0.259364554652029,0.223233363122733,-0.685131229727073,-1.18134326923307,-0.200097010165856,-0.495136704378051
284,-0.142290436547414,0.320823070859673,-0.215140221123117,0.342955639183414,-0.670070133525923,0.259815514360941,-0.113554408959916,-0.0598005273553151,0.124838239218008,-0.327895125741187,-0.192722577473276,0.543508217214177,0.476224012859998,-0.456882023854952,-1.22253625769935,0.838177259301558,-1.63326175727986
285,-0.159463420268654,0.201661941566349,0.159248122439586,0.0662912280867349,-0.638643058586684,0.0991176046549443,-0.415225779358174,-0.21665950225067,0.115646852374484,0.274147040144426,-0.245616048403739,0.0458487685283049,0.0994774274550775,0.00345250899638503,-0.177935800179359,-0.0613300433635286,-0.688478075839819
286,-0.211254958475567,-0.146792257854751,0.427027462957775,-0.706204511454605,-0.222234315641763,-0.0633174436645123,-0.39704207705671,-0.374144660678542,0.0326500010262483,1.1538346422784,-0.218986290547745,-1.6208800886835,0.399735969287628,0.206383315561683,0.885111952175533,-0.818353406901225,0.698998728774037
287,-0.308023358809536,-0.369743757493019,0.416085623532956,-0.931459398728918,0.266568939216762,-0.0390982067638122,-0.338835483607178,-0.574210299317528,-0.221279208635876,0.575009105082509,-0.153372763459264,-0.930181002925383,1.02270530169799,0.385530171262995,0.72956364572785,-0.0712419695636948,0.783574796142401
288,0.162461877743791,-0.0904126764075547,0.161909650948325,-0.504625062782696,0.51630194543036,0.125501970841986,-0.285643467854184,-0.500320642480595,-0.330889926366852,-0.428712540736295,-0.0765948705342508,0.350468580141929,0.242033092933358,0.374405420052421,0.171488201984636,0.974466244553843,0.0667788635299096
289,0.247236448177212,0.0371132863409769,-0.13130207309782,-0.0602032581604021,0.509006374462322,0.278244289216775,-0.0914340288406092,-0.0958060804750075,-0.333222069297298,-0.688547960455548,0.219626868915414,0.91118863279068,-1.78028069955242,0.46532149029056,-0.0240889432552831,1.15907587003194,0.440139391348387
290,-0.143380784720191,0.109950753106181,-0.108531218078603,0.544535087855323,0.359727768500935,0.242192369007001,0.0195662260589207,0.285226599061215,-0.257770386253447,-0.359698726686016,0.253486011206541,0.67719669761548,-1.86751144587372,0.749194452215551,-0.149011158278034,1.02278688477965,0.636162080923167
291,-0.192719039538356,0.124053197956658,0.156734456625776,0.96866365938984,0.176777296533221,0.055462556021042,-0.113507543747799,0.430501178605017,0.124701054339747,-0.0232166286897252,-0.268310824858331,-0.0373912287026952,-0.324644477072618,0.274282659157255,-0.475152166961086,0.776847215938029,0.110250641185456
292,-0.110397752493683,0.0395895186273561,0.265117812009449,0.512742356017807,0.153206990328791,-0.0780957098398876,-0.257055688462707,0.242333027083842,0.491396233932863,-0.294819380758565,-0.619713815122995,-0.081162706747517,1.65566534766485,-0.390517128702218,-0.274022923275711,-0.0582325664259767,-0.0114005048244309
293,-0.0201714411963767,0.0280840978821062,0.0740792101599187,-0.439010275798887,0.366462141702201,-0.126559359563222,-0.0992605192641775,-0.134316367724765,0.561086152089729,-0.0642432739085546,-0.637192453440846,-0.170041063862257,1.86579261343389,-0.616848274020792,0.618073926944104,-0.5247125932213,-0.101073495932403
294,0.0509737770773303,-0.34425668371614,-0.078219365617958,-1.23518145394263,0.445591026817071,-0.17869869388895,0.276457886279218,-0.194116895080081,0.385352323036686,0.229303962812217,-0.217979667398549,-0.41679349772171,0.296498595870425,-0.612244928692278,0.843202563909836,0.0241603201129052,-0.66009373778459
295,-0.0196262671099881,-0.381822939377796,-0.0697911920069493,-1.42390852165895,0.167236934498095,-0.17288305592215,0.337054605546726,-0.0212902401055572,0.213459670574968,-0.0251248447464149,0.489584895290611,-0.0875429560896436,-1.22423840526789,-0.301135506906916,0.071460879991509,0.0854903634764338,-0.380128739646073
296,-0.0534270604660789,-0.0413711979553607,0.0272067358671158,-0.97204586490447,-0.318199133759798,-0.0703667018060882,-0.0701923714484995,-0.0795253086295814,0.118116180183192,0.101771523023453,0.928289565949152,0.38978872143643,-0.861349906409083,0.0153444844283779,-0.320320260312817,-0.782422674425623,0.670679387506824
297,0.0449768621270562,0.108591845144144,0.171077138033984,-0.131229573967618,-0.71159876826706,0.0122103221380869,-0.336585953425554,-0.12836762416586,-0.0983615577135294,-0.263969887842081,0.619164747950706,0.85999826016199,-0.191649817040884,0.779499808961597,0.633297422681644,-1.31394971690954,0.444167988561128
298,-0.0119938299005483,-0.198521354276308,0.176104469661603,0.407893985064297,-0.528648296299347,-0.119283518124238,-0.321401624699589,0.101441732267655,-0.466840140724046,-0.437935585010296,0.154836942585367,1.01534991274819,0.323140498687768,0.786021214843658,1.74514991137159,-1.30961324919696,-0.468780908052492
299,0.174455707644339,-0.26091032871118,0.0714176816511791,0.071026315807216,0.0101015598018983,-0.447325780926861,-0.195849721437676,0.295245535581477,-0.839159900325885,0.0248068087369666,-0.130037408637002,0.359519631534248,0.252990649737265,0.540509463989612,1.41882980273868,-1.34616347706008,-0.357545003827964
300,-0.0231698986715138,0.108078479914041,-0.103060298366194,-0.215108270730426,0.79297244444902,-0.521947213539829,0.0282011413915103,0.0810907674608723,-0.593598968237715,0.205769298113044,-0.237288529624029,0.173602133262514,-0.174783773725066,0.382461274377319,0.108892769510871,-1.11880866984376,0.0304476490543398
301,-0.220795504987367,0.342203222795728,-0.0888654796529164,-0.0040586466175552,1.46248138020817,-0.298485730451872,0.181040314408649,-0.335008189896268,0.128679415809331,0.347295322317533,-0.426625192868193,-1.10363475829622,0.201425676542408,-0.162651534940806,-0.967139729208393,-0.0706224741761845,0.0674166344819435
302,0.0218069634555424,0.360805162898284,0.117698705164262,-0.53506491241436,1.48324569757874,-0.160848965237602,0.201848468588674,-0.409524030265718,0.124289499704962,0.275737220191668,-0.301529388781788,-2.24940883782881,0.497924272412834,-0.454963963301405,-0.545001147403915,0.828884828488902,0.844774086635918
303,0.133295064122003,0.402840715857308,0.164275454067205,-1.25073959930993,0.799145619883513,-0.122329804678276,0.209112576466837,-0.0488423155362783,-0.25626135259257,-0.0467512933888987,0.166367353203426,-0.144520066493751,-0.274583482262611,-0.278886004485768,1.00260151927937,0.334527509255611,0.786538970647702
304,-0.0673289996689871,0.247260853181382,0.0357827721730545,-0.522212531458769,-0.0151523397028475,-0.00641986009322093,0.433409481659638,0.217598777549445,-0.241582570618585,-0.0203543046046906,0.213678641215622,0.877655229271597,-0.527251850917408,-0.130428117641212,1.36115961888589,-1.14792495305675,0.263838532723855
305,-0.210709784389178,-0.220837642808433,-0.117107254384542,0.368660401094597,-0.43997904914935,0.0601452775008032,0.587502299100911,0.0181593224429753,0.00672205903481582,0.109086351240764,-0.307660638872343,0.784919046973245,0.666477278543521,-0.133497014526888,0.414258184010928,-1.29288687373418,0.395535506058622
306,0.0308023358809536,-0.446084187004809,-0.103651749145914,0.128523809555915,-0.360288966267707,-0.00720031367318112,0.359831098635673,-0.31559650038826,0.322247279036375,-0.145978528336765,-0.716624171031921,1.07633322622758,0.93977163647626,0.349470632856307,-0.664729463880916,0.341341958518225,-0.656668968756809
307,0.143380784720191,-0.17973822644548,0.0134555052386279,-0.640589724470796,0.150962199261703,-0.0135194700786653,0.143266953442205,-0.300255003841608,0.205914502270583,-0.311993325268773,-0.395877431220035,0.272421809119637,-0.027179037954789,0.99317175462676,-0.485987713927217,1.26686806745875,-2.51135793178649
308,0.0201714411963767,0.0444211913812669,-0.0208486399851268,-0.543182205649471,0.694762835263897,0.163089622289746,0.220266496950724,-0.0056356517926475,-0.154470172922502,-0.29577348878691,0.0722023331559425,-0.41397431777984,-0.72975179773471,0.564293414853597,0.87758975428169,0.537102500971508,-1.47010136348279
309,-0.158645659139071,0.0220445069397177,-0.0691997412272294,0.0534388471311435,0.950669016911988,0.376430384760154,0.20292636846737,0.206953657496666,-0.299748959001481,-0.266832211927115,0.194461290185523,-0.0508936168453352,-1.10091217771019,0.168405716601447,0.632670572857157,-0.630646304485577,0.690232186686757
310,0.00463397973430276,-0.319252777214652,0.151411399608297,0.124465162938359,0.646499827321494,0.378746569578101,-0.188398152711045,0.212589309289314,-0.109610717730976,0.131666907911592,0.150718938793203,0.051635506303722,-0.206152465751937,-0.507518822468599,-0.570075140383391,-1.04446922334252,0.82693126468143
311,0.220522917944172,-0.688634159251128,0.243529858549673,-0.271929323376198,0.0314270749392393,0.247932479207999,-0.591813898615691,0.0469637649387292,0.126072903122362,0.0314855649353807,0.170485356995591,0.196155572797473,0.538209407721315,-1.00468011794804,-0.69777340462887,-0.403910992656774,0.479322424153234
312,0.0520641252501075,-0.461424747998476,0.0516040805305621,-0.596621052780614,-0.257589774948408,0.181115582394633,-0.682170027577605,0.0560434261602168,0.136636138748501,-0.0979550909100734,0.270324071156723,-0.100896966340606,0.0629522381087207,-0.45151145430502,0.075669728813064,0.203194487103408,0.700015406927318
313,-0.0997668578091064,0.160079357928005,0.0159691710524376,-0.091319548894992,-0.0656601387123392,0.0195113394990048,-0.532013887954175,0.228556989368482,-0.037588656643664,0.641160595047753,0.212305973284901,-0.536386078413664,-0.0850822057715133,-0.159199025944421,0.637864471402906,0.297357786004987,0.0626435431961064
314,0.0119938299005483,0.515177107385733,0.159691710524376,0.431569423666703,0.219989524574675,-0.163769372181969,-0.114679174050728,0.156232791362839,-0.0663974810785889,0.369875878988362,-0.0249825563391284,-0.0612800692627505,0.34677444473541,0.182215752586988,0.469510518540704,0.643036212235785,-0.0671523543321544
315,0.109034817277712,0.304999342590615,0.174182254627513,0.209020300804093,0.150962199261703,-0.060371860798211,0.137361936715441,-0.175957572637105,0.231842444262015,-0.605540561989545,-0.185035637061237,0.720968175660302,1.06008990726426,0.800982087161326,0.29551491725812,1.33315407392236,0.60099320160039
316,-0.108762230234518,0.255957864138421,0.0625459199553804,-0.00947017544096213,-0.227846293309485,0.0821993851151621,0.0259984764220031,-0.489988614194074,0.171755467583457,-0.227077710746079,-0.243877335691492,0.65137894446362,-0.133746649224159,0.648304467098966,0.21321849030048,1.80335107304275,0.219596783859169
317,-0.250234905652349,0.136585349162114,-0.0442109457840632,0.223902005068462,-0.745270634273389,0.0598179905156586,0.0199177151497995,-0.3744577524448,-0.138145172409378,0.270330608031047,-0.20388694330981,-0.0903621360315135,-1.28095987578223,-0.0107411390998645,0.0162085454617332,1.16217334696949,-0.571081840241537
318,0.0419784046519191,-0.0481053418561238,0.0303118524606454,0.358513784550709,-1.22004394496261,0.073362636516258,0.0241590168464039,0.0713849227068683,-0.225943494496768,0.149794960450145,0.00210475749377272,-0.559533029515332,-0.351608660972428,-0.000383612110709447,-0.302231165377623,-0.451612137495074,-1.39861974161111
319,0.135203173424363,-0.0331271563190005,0.231700842955275,-0.272605764479124,-1.24922622883476,0.0971035309002084,-0.262210861795596,0.354106787638018,0.0484262620263262,0.0454791493511055,0.0979169790581223,-0.512793993636963,1.28439754066189,-0.344100063306374,-0.614850127846743,-0.998626564666749,-2.21851971795938
320,0.100312031895495,-0.00609998685181231,0.253732384499841,-0.10146616543888,-0.749760216407566,0.051560288121241,-0.238778255737009,0.156545883129097,0.528984890576527,0.44270612515202,0.190983864761029,-0.340230505616191,0.801405625070062,-0.352539529741982,-0.65541626648854,0.574891719609642,-1.35297995998198
321,0.152648744188797,0.0353618049676842,-0.0767407386686582,0.085908020071585,-0.103260389086072,0.019284756201597,0.109805191990542,-0.258926890695527,0.671245609333751,0.0906402626927627,0.14989533803477,-0.211735251423596,-0.616523710761004,-0.397422146694988,-0.300171515954309,2.1700923424489,0.68182192328934
322,-0.130024019603671,0.0645028312647084,-0.312433874387042,-0.447127569033998,0.430999884880996,-0.0399793640315092,0.422724213296922,-0.421108425617271,0.309351900479789,-1.0129446900928,0.0150078360425533,-0.146597356977234,-0.969421496063303,-0.823231589582474,0.500673909815197,1.62245841988971,1.92759890937873
323,-0.366356986053112,0.0558964141718049,-0.255802462228861,-0.100113283233028,0.521352725331309,-0.271597845826147,0.642240866853772,-0.335947465195043,-0.333770808810345,-0.596317517715544,0.0851054117047231,-0.0872462003062889,-0.255891179479476,-0.489489053265255,1.01513851576911,0.547633922559185,1.74742660935545
324,0.107944469104935,-0.0924359393732548,-0.275024612569758,0.829316792187112,0.0460182168753147,-0.517113436528462,0.424223900084672,-0.202257281002794,-0.828871034456269,0.293229200711324,0.325139277190195,-0.0338301593024386,0.581287645744518,0.135031462969726,0.709773101269048,1.06057610341779,-0.00530166362185757
325,0.265499780071229,-0.303066673489051,-0.32648083040539,0.536417794620212,-0.692518044196808,-0.611976310376527,-0.00977139672643107,0.106764292294044,-0.837650866665008,-0.39436465171588,0.390478270692531,0.668145646223161,0.339147125783671,0.44460643631225,-0.170682252210296,1.54687998261344,-1.09724769024641
326,-0.224611723592087,-0.351141817390463,-0.0968500651791352,-0.501242857268067,-1.04495024172971,-0.638360676563568,-0.18764830931717,0.369448284184669,-0.317994547810267,-0.136755484062765,0.146051867828751,0.920091306291322,-0.0772400327647956,0.677842599623594,-1.43244139892754,0.722331621837115,-0.28131103347255
327,-0.0332556192697021,-0.248106395913316,0.184089055187822,-0.796171178143745,-0.966382554381608,-0.60653831123874,-0.0908013484770274,0.253291238902879,0.154332988044241,0.842159353019073,-0.214410730778673,0.261886978810544,-0.238488001026212,0.554319499975152,-1.54742356673343,-0.218681871791168,0.822543580275641
328,0.215616351166675,-0.355127947412439,0.212626555309307,-0.403835338446742,-0.859754978694903,-0.364748756982686,-0.0721841429634794,-0.0428935719773726,0.249402108679493,0.364151230818292,-0.419853364409967,0.122115004850469,0.201103395459941,-0.0210986660890196,-0.470406018289971,-0.544536445621633,-0.168146570231768
329,-0.0768695461807869,-0.153224422208394,-0.112967098926503,-0.395718045211632,-0.900161217902497,0.0515351121993068,-0.126817263989077,-0.120853421775663,-0.0289460093131865,-0.071240066116417,-0.288717821428389,-0.408632713679455,0.598368543115315,-0.207917764004521,0.362408748528367,-0.707463732536865,-1.17250915619151
330,-0.14201784950422,0.344619059172683,-0.422443719414945,-0.528300501385102,-0.96133177448066,0.446016632986282,-0.10933653986937,-0.0350662778209178,-0.381099591810579,-0.0686957780408307,-0.0141842352841205,-1.58230183684739,-0.294887190458086,-0.332208087874381,0.279843671645947,-1.05004468183011,-0.604703635523647
331,-0.0433413398678905,0.504547427327129,-0.339492747559228,-0.19481503764265,-0.784554477947438,0.648229637961775,-0.216985932102522,0.0591743438227987,-0.27752500872311,-0.550838368364439,0.355337971666064,-1.20482848042018,-1.42877946560748,-0.987417572966118,-0.329633457705194,-1.33067609237232,0.236215178667571
332,0.203895108309321,0.369743757493019,-0.147862694929977,-0.174521804554874,-0.587012864043648,0.537656988826769,-0.236294399494798,0.1872288762224,0.209892863740167,-0.426168252660709,0.412257935193309,1.6143514614497,-0.644239883853239,-0.461101757072756,-0.273933373300785,-1.29846233222178,0.150719647477632
333,0.228700529240001,0.380131853913927,-0.120951684452721,0.223902005068462,-0.359727768500935,0.254981737349575,0.0732971917512623,0.0109582118190368,0.568631320394114,0.522215127514093,0.17368824883394,1.49564914810781,0.576668283562479,0.183750201029825,0.017193595185927,-0.81029996686359,-0.0950724066892872
334,-0.107126707975352,0.235936620164404,-0.0461331608181529,1.19459498776708,-0.282282476686381,0.0947369942383936,0.275005064703585,-0.224173704640867,0.485222914411093,0.518080659391265,-0.087667725175403,-0.96178549385266,0.445607310025552,0.408930510016271,0.198890494312207,-0.272577970504572,-0.0418253127235749
335,-0.118302776746317,0.101163148285006,0.0709740935663891,0.865168170642183,-0.436050664781945,0.163618316650364,0.231045495737675,0.0153414965466515,0.115098112861438,0.0706039940975204,-0.383248886257398,-1.33065293256258,0.206797027916873,0.525164979561234,0.153130457124662,-0.466480026795324,0.708166084387414
336,-0.0411606435223363,0.117953211104846,0.208042811766478,-0.192785714333872,-0.538188658334473,0.260520440175099,0.08129942672027,0.367882825353378,-0.318406102445051,0.228031818774424,-0.317269314387393,-0.563835988373976,0.167263881800816,0.13157895397334,-0.275187072949758,-0.9837586753665,1.33040962473622
337,0.0902263112973066,0.0444513893359788,0.234362371464014,-0.30439849631664,-0.585890468510104,0.255485255788259,-0.123817890413577,0.251725780071588,-0.435699173358674,-0.209585730226423,-0.106610542619357,0.429850752189318,0.231612671266897,0.0675157314848628,-0.518046604950977,-0.897029321115045,1.29701050363527
338,-0.306933010636759,-0.0761290438288061,0.00694954666170894,-0.0378807017638485,-0.561758964538902,0.209463670492542,-0.225937187616903,-0.217598777549445,-0.112765969930992,-0.650065603312305,0.0622276128593674,1.73839537889197,-0.141696249258366,-0.0786404826954367,-0.628461724035602,-0.354351361655943,0.426787767202826
339,-0.363903702664364,-0.220354475533042,-0.179209586255133,-0.123788721835434,-0.734046678937946,0.141866320099215,-0.185773700832483,-0.609902760670963,0.254203579418647,0.0190821605668974,0.469909988283606,0.450623657024149,-0.446037018135509,-0.307656912788977,-0.720698198210106,-0.0284967878254779,-0.735674971878137
340,0.414059718612111,-0.273955845146739,-0.0641724095996102,0.147464160437839,-0.887253669266738,0.0654573970289193,-0.121755821080422,-0.572957932252496,0.510053377376433,-0.0203543046046906,0.407041797056568,-1.36448309186502,-0.333560920354228,-0.470308447729783,0.0752219789384305,0.157351828427639,-1.75128589394756
341,0.173365359471562,-0.254508362312248,0.155699417761266,0.486361153003698,-0.624051916650609,-0.0214498854879382,-0.222750353192935,-0.240454476486293,0.124838239218008,-0.0661514899652444,-0.00567369411364821,-0.671113204056709,-0.260188260579047,-0.108945839441483,1.22647645659612,0.782422674425623,-1.53463193996947
342,-0.0466123843862219,-0.10729333309153,0.284783550435136,0.129876691761766,-0.273864510184799,-0.0480356590504531,-0.217829505920631,-0.00876656945522944,-0.746148552864556,0.665013295756375,0.0890403931061243,1.34727125643045,-0.668303538010839,0.0671321193741533,1.27626624265537,1.45891163758697,0.0654402506685823
343,0.177454165119476,0.0385627881671501,0.269553692857349,-0.466744361018848,0.159941363530057,0,0.111914126535815,0.0713849227068683,-1.06990486556181,0.277963472257806,0.222463715972239,1.16610185069239,-0.0261047676798961,0.126208384423408,0.218591488796082,1.37094329256049,0.714157825327068
344,0.110125165450489,-0.137732871441168,0.122726036791881,-0.38624786977067,0.460743366519919,-0.00647021193708933,0.478025163595189,0.322171427479682,-0.777426705108189,-0.543841576156576,0.0606719225378833,-0.465313068300207,1.64234439625618,0.522863306896977,-1.18098506933336,0.733482538812302,1.0157256694853
345,-0.138474217942694,-0.282411272466083,0.0517519432254921,-0.133258897276396,0.374880108203783,-0.0749235436761784,0.75509229763193,0.522863249651185,-0.214694334479322,-0.198136433886285,-0.053259515711988,-1.60129420698209,1.17138430774316,0.34716896019205,-1.47363438739382,0.151156874552535,1.35074238537234
346,-0.097313574420358,-0.215341615050859,0.0794022671773978,0.091319548894992,0.182950471967714,-0.052567324998609,0.703540564303037,0.306516839166772,0.43350421530649,-0.103679739080143,-0.214044685997148,-0.946947704684925,-0.647677548732896,0.0982047003416186,-0.748637790387237,-0.446036679007481,0.539772646725609
347,0.088590789038141,-0.0578290832733692,-0.0285375001214856,-0.0155581453672949,-0.0836184672490474,0.00805629501894391,0.126348611867905,-0.069193280343061,0.646140776611888,-0.47609990614409,-0.460484335159319,0.0240372184517327,-1.5409332823063,-0.186051873694082,0.107907719786677,-1.65591117081527,0.0281199696381968
348,-0.435866682067653,0.19311592038287,-0.071713407041039,-0.681852631749273,-0.352432197532898,-0.0570486391028966,-0.399104146389866,-0.111147577021659,0.551208840854897,0.341252638138015,-0.406309707493517,1.27901742625886,-0.84093877118612,-0.468006775065526,0.667863713003351,-2.48169852236662,0.182934503028051
349,-0.155647201663934,0.417094150481345,0.0545613344291616,-0.177904010069503,-0.475895706222766,-0.221548113020958,-0.381014174512636,0.28960988378883,0.569591614541945,0.859015261519832,-0.174237316006229,0.532231497446698,0.282103374186861,-0.364047893063266,0.730727795401897,-1.75069396510436,-1.15893245057634
350,0.170912076082813,0.391244701247922,0.0314947540200852,1.04374862181461,-0.585329270743332,-0.291335768622559,-0.20606633767922,0.488423155362783,0.825578597377992,0.522215127514093,-0.177989275016867,-0.563242476807266,1.10692809124959,-0.379008765380934,0.00483569864604196,-0.276294942829634,-2.0833974138962
351,0.147197003324911,0.194807005846739,-0.0967022024842052,1.09245238122527,-0.476456903989538,-0.0984882066065893,-0.129394850655521,0.132750908893474,0.957276080509077,0.403269659980432,-0.160510636699015,-0.420206189230289,1.30201557317013,0.0398956595137825,-0.938841937131555,0.449134155945033,-1.23191782529668
352,0.176908991033088,-0.0719315281238461,0.0366699483426344,-0.198197243157279,-0.136371057325628,0.122153573224737,-0.0196365238770965,-0.166564819649359,0.717065358673108,-0.00922304427400042,0.219077801743126,0.699898515042117,0.988328652901417,0.211753885111615,-0.389990140805792,0.153015360715066,0.766304106408347
353,-0.2477816222636,-0.00311038933533004,0.268666516687769,-0.943635338581584,0.102137993552528,0.11419798189353,0.099119923627826,-0.318727418050842,0.0650256322959734,-0.510447795164506,0.303085079103272,0.367680415576503,-0.671741202890496,0.365582341506103,0.395452689276321,-0.192043570128221,2.70113250420222
354,-0.375624945521718,0.276130097885999,0.0628416453452404,-0.604061904912799,0.20034760273765,0.019158876591926,-0.102353623263911,-0.456800886970706,-0.619938464863932,-0.422669856556778,0.293842448369748,-0.999621856230388,-2.12447689562809,0.128510057087665,0.0616999327244984,-0.141244948352369,2.12978626344647
355,0.0351637285720621,0.235060879477757,-0.363742229527744,0.306427819625418,0.296873618622457,-0.0265102457967123,-0.419162457176017,-0.340330749922657,-0.642436784898826,-0.441433981114227,0.512920250112874,-1.34845827956387,-1.57187226622321,0.32607029410303,-0.446227525059761,0.0297357786004987,-0.954616251093728
356,0.0179907448508225,-0.0731696442670358,-0.349547410814466,0.737320802189194,0.487680859324981,-0.0144509791902306,-0.481774380564563,-0.131498541828442,-0.241856940375108,-0.469103113936228,0.345363251369489,0.517987219845671,-0.301332812107443,0.110480287884321,-0.0618790326743518,0.702507769436782,-2.65285995144372
357,0.201169237877379,-0.371676426594584,-0.169598511084684,0.237430827126979,0.680171693327822,0.0724059514827584,-0.341975452819029,0.0970584475400403,-0.0155018912435548,-0.102725631051798,-0.143764087944215,2.10281148085157,1.3063126542697,-0.47184289617262,0.410497085064007,1.43970728057415,-1.51232720888214
358,0.345095196683958,-0.44221884880168,-0.0468724742928028,-0.241489473744534,0.641449047420545,0.143553106868807,-0.097526506415842,0.469637649387292,-0.160917862200795,0.0359380690676568,-0.376843102580699,0.383705227877658,1.50354867674003,-0.36788401417036,0.450525923856243,0.99986555544177,0.516746531534253
359,-0.0962232262475808,-0.138970987584358,0.0578143137176211,0.091319548894992,0.309219969491444,0.0647021193708933,0.174807241197064,0.481222044738845,-0.329518077584237,0.251566483473598,-0.306379482137003,-2.35920847767006,0.53154893201698,-0.0195642176461818,0.440764976589232,0.374175214056276,2.11853620211341
360,-0.104400837543409,0.320581487221978,-0.00739313474649887,0.564828320943099,-0.0639765454120228,-0.137359830072994,0.402665902510771,-0.0378841037172415,-0.0710617669394815,0.949019452193698,-0.309856907561497,-0.899911913023201,-1.20533124842977,0.0859291127989162,0.28790316938935,0.420017872732044,2.00374946718953
361,-0.110670339536878,0.528705791096683,-0.0594408033618509,0.450509774548627,-0.223356711175308,-0.264548587684571,0.49527156165431,-0.423926251513595,0.245149377453385,0.748974802250723,-0.130220431027765,1.56330946671269,-2.18893311212166,-0.0406628837352014,-0.284410720367209,-0.185229120865607,-0.485901543473473
362,-0.148014764454494,0.26417170782007,0.058701489887201,0.459303508886663,0.0370390526069606,-0.238567036248477,0.291501619368831,-0.125236706503278,-0.0292203790697096,0.210539838254768,0.147790580540998,1.57933427901384,-1.18040817805226,-0.0794077069168556,-0.58995523481712,-1.34988044938514,-2.27750711158667
363,-0.0258957691034566,-0.296906290727815,-0.00354870467831946,0.626384461309352,0.361972559568024,-0.0822497369590305,-0.0100760206051927,0.48028276944007,-0.283561143366618,-0.517444587372368,0.260166328469385,-0.282511505753697,0.505873872447041,-0.142703705183914,0.17981634965282,-1.14172999918165,-1.68959190567859
364,0.0493382548181647,-0.569412634048381,-0.239833291176423,0.0121759398526656,0.482630079424032,0.0553618523333052,0.0677788130244649,0.525994167313767,0.230607780357661,-0.9766885850157,0.309948418756879,-1.82326753293142,1.31361769213897,-0.0141936480962496,1.11041968909112,0.27071948434204,0.416797118941252
365,0.091589246513278,-0.469517799861276,-0.226969236717515,-0.172492481246096,0.367023339468973,0.0613537217536447,0.321682815972292,-0.109582118190368,1.20722692870162,-0.330439413816774,0.194552801380905,-1.04814142680889,0.334205482519164,0.0237839508639857,0.722847397608347,0.709322218699396,1.56957854632583
366,-0.0746888498352327,-0.142715533968638,-0.00059145077971991,0.4680972432247,-0.00785676873480982,0.0130914794057839,0.174666645560713,-0.575462666382561,1.21381180285817,0.0244887727275183,0.230608212361185,0.63728304475427,-0.171560962900387,-0.193340503797562,-0.122683465649583,-0.216203890241126,0.789708567100312
367,-0.0918618335564723,0.374937805703473,0.091083420076866,0.40586466175552,-0.207643173705688,0.0511574733702939,-0.176119467136345,-0.363186448859505,0.0635165986350964,0.139299772138351,0.417199539743906,2.03337062754657,0.512534348151376,0.253567605178945,-0.389900590830865,-1.16898779623211,-0.539767029719237
368,-0.32165271096925,0.369139798398781,0.013159779848768,0.108230576468139,-0.012907548635759,0.12175075847379,-0.171526676348862,-0.00125236706503278,-1.05001305821388,0.559743376628991,0.373640210742349,0.592324543576029,0.341617947415925,-0.0441153927315865,-0.0948334234473785,-1.05066417721762,-0.159096931023353
369,0.0447042750838619,-0.0882988195777188,-0.219428239276086,-0.382189223153115,0.248610610680054,-0.0083835820040885,-0.0883409248408756,0.238262834122486,-0.666032583959812,0.220080918538217,0.0561878739641935,-0.98151975344575,-0.732115192339474,-0.232852551200635,-0.0356408900208278,-0.0743394465012468,0.850038425250435
370,0.345095196683958,-0.15035561651076,-0.361524289103795,-0.910489724538216,0.297996014156001,-0.222353742522852,-0.204847842164174,0.380093404237448,0.31826891756679,0.0998633069667631,-0.366410826307217,-0.644998695121493,-0.23870285508119,-0.110096675773611,-0.416317833434242,0.724809603387156,0.623945092064691
371,0.0414332305655305,0.391244701247922,-0.161170337473675,-0.581739348516245,0.269374928050622,-0.258808477483573,-0.258602240462574,0.149970956037675,0.387821650845394,-0.0203543046046906,-0.393955696117025,0.743521615195261,0.98360186369189,-0.159199025944421,-0.831381967219511,1.04199124179248,-0.184362707141007
372,-0.0610594976755187,0.323238907236628,-0.0461331608181529,0.474185213151032,0.473650915155678,-0.0650042304341037,-0.253962584462974,-0.1700088290782,-0.148845592913779,-0.525077451599127,-0.139097016979763,0.434598844722993,0.481058229097016,-0.307656912788977,-0.548045846551423,1.20863550103277,-1.1308506284357
373,-0.095405465117998,-0.13450169028699,-0.147123381455327,0.618267168074242,0.61900113674966,0.180888999097225,-0.264600987613572,-0.319979785115875,-0.296182152166681,-0.380053031290707,-0.122441979420344,-1.15764431086678,-1.12411641564787,-0.115083633212834,0.393213939903153,1.24766371044593,-1.55765324058394
374,0.0676015867121814,-0.272023176045175,-0.142391775217568,0.0974075188213248,0.195858020603473,0.247932479207999,-0.284331241914903,-0.469637649387292,0.1259357182441,-0.0257609167653115,-0.359089930676703,-1.41671210973545,-1.93626474346686,-0.137716747744692,0.769771584469939,0.807202489926038,-0.22171375331772
375,0.328194800005913,-0.243727692480085,0.0536741582595818,-0.0196167919848501,-0.491609243692386,0.175450999959438,-0.165012411864575,-0.441459390424054,0.537901907663527,-0.220398954547665,-0.386726311681892,-0.643218160421364,-0.820527635963155,-0.283105737703572,0.219934738419983,0.315323152242789,1.50131787639359
376,0.0182633318940168,-0.492951412717743,-0.0045837435428293,-0.119730075217878,-0.821593530554398,0.155788604928828,0.248666815493733,-0.199126363340212,-0.0133069331913701,-0.419489496462295,-0.211024816549561,1.06164381495153,0.434220045111688,0.32645390621374,-0.225128636965731,0.550731399496737,1.47595548776634
377,-0.251325253825126,-0.0437870343323161,-0.118142293249052,-0.232019298303572,-0.478701695056627,0.14315029211786,0.406040197783208,0.107703567592819,-1.0235363767094,0.137391556081661,0.0501481350690196,2.1229908741197,0.570222661913122,0.322234172995936,-0.0858784259547082,0.812158453026121,0.853956688409446
378,-0.113123622925626,0.65553720088684,0.0212922280699167,-0.285458145434716,0.252538995047459,0.0768369137431776,0.228889695980285,0.4126549479283,-1.47610929009425,0.205769298113044,0.181924256418268,0.590544008875901,0.482132499371909,-0.0671321193741533,-0.28817181931413,0.690117861686574,-0.617378009186677
379,-0.0397977083063649,0.717382612136897,0.0350434586984046,-0.254341854700126,0.847408627825916,0.019284756201597,0.2256559963442,0.320605968648391,-1.11298091733593,0.0340298530109671,0.0107983210550079,-0.954960110835502,0.363210779941271,0.264692356389519,-0.702609103274912,0.298596776780008,-1.88314070516137
380,0.0853197445198096,0.211597068666578,-0.112967098926503,-0.224578446171388,0.946740632544583,-0.0860513011710947,0.122599394898531,-0.0266128001319465,-0.186708619313966,0.157109788667455,-0.0626851688362746,-0.707910921192694,0.363425633996249,0.398956595137825,-0.692221306183414,-0.68392290781147,-1.38769707150658
381,-0.182905905983362,-0.309831015344526,-0.186602721001631,-0.131906015070544,0.517424340963904,-0.250147960338209,-0.150624791744602,-0.132124725360958,0.342550641019084,-0.0244887727275183,-0.14989533803477,0.229243842641524,0.53294548337434,-0.221344187879351,-0.198800944337281,-1.44094627134917,0.496461916667035
382,-0.336644998344936,-0.20742975091633,-0.0511604924457722,0.280046616611309,-0.0095403620351262,-0.238063517809793,-0.176306927984814,0.0438328472761472,0.361070599584393,0.192093749706767,-0.0728429115236125,-0.159951367228196,0.364392477243653,-0.518643573679173,0.545180247353768,-0.946588952115876,1.34529348797703
383,0.125390039869369,-0.186532766255666,0.208338537156338,0.512065914914881,-0.209326767006004,-0.0266361254063833,0.156154886774428,0.309960848595612,0.462450224619676,0.269376500002702,0.447855790196683,-0.882848455480304,-0.467629850660855,-0.0966702518987808,1.21358126020668,0.12761604982714,0.960606387174419
384,0.371536139873803,0.139212571222053,0.276946827603848,0.146111278231987,0.025815097271518,0.149670855898817,0.376187057664567,0.283974231996182,0.728588888447078,-0.126896367769868,0.900104117771674,-0.614136093652602,-0.98489098802176,-0.331824475763672,0.877231554381983,0.472674980670428,-0.156785131686653
385,0.39934001827962,0.318044859026174,0.123317487571601,0.0602032581604021,0.341769439964227,0.165733094092837,0.179774953681485,-0.0626183532516389,0.698819769864322,-0.584232149356509,0.599764374529844,-0.0289336888770856,0.321421666247939,-0.0705846283705383,0.0411929884662834,0.0638080249135702,-1.19263168030343
386,-0.0542448215956617,-0.0423979284155667,-0.137068718200089,-0.0683205513955125,0.433244675948084,0.108659279068006,-0.0116577215141474,-0.248281770642748,0.245149377453385,-0.519352803429058,0.126010916040219,0.361151788342699,1.58992000684141,-0.225180308986446,-0.609477129351141,-0.176556185440461,-1.45759630244039
387,-0.541630454827034,-0.357543783789395,-0.274581024484968,-0.0250283208082571,0.157135374696196,-0.058609546262817,0.0519852365409768,-0.299628820309092,-0.255986982836047,-0.0391184291621397,-0.0680843293637785,0.491872710910455,0.811611192681544,-0.346785348081341,-0.397333238749781,-0.0780564188263091,-0.823789352045939
388,-0.501832746520669,-0.391607076704465,-0.144609715641518,0.0500566416165141,-0.263201752616129,-0.4039224915123,0.0386403673906111,-0.391677799589001,-0.447497072889167,0.266832211927115,-0.28240354894707,0.386079274144496,-0.314868617571093,0.585392080942617,0.0473719367362259,0.204433477878429,-0.110923598670261
389,-0.0182633318940168,0.000966334550782148,0.0425844561398335,-0.154228571467098,-0.452325400018337,-0.565753317705336,-0.161310060107318,-0.138073468919864,-0.279171227262249,0.531756207797541,-0.66382221129684,-0.0606865576960411,-0.60803697558935,0.317630827667423,-0.232023985035088,0.481967411483083,0.93475451656335
390,0.0992216837227179,0.334955713664862,0.0241016192735863,0.399776691829187,-0.438295455849034,-0.506740956691572,-0.34975507803048,0.448660501047993,-0.256810092105617,0.253156663520839,-0.669770438996633,0.410116492596229,-0.235480044256512,-0.254334829400364,-0.76296578637551,0.34939539855586,0.546657090463625
391,0.077959894353564,0.0126529430243037,-0.142835363302358,0.600003258295244,-0.331667880162329,-0.364345942231738,-0.232638912949659,0.636515560802909,-0.125249793852793,0.272238824087736,-0.210201215791128,-0.292304446604403,-0.103452227472181,0.10434249411297,-0.571149740082512,0.173458708502909,0.0286217608902664
392,0.400157779409203,-0.291470658879665,0.111784197367063,-0.10146616543888,-0.0454570191085425,0.0293551249752769,0.0569412327223681,0.0926751628124255,0.365734885445285,0.328213161750636,0.106885076205502,-0.0578673777541712,-0.349352693395153,0.0928341307916863,-0.0679684309693676,0.313464666080257,-0.233259871008043
393,0.203077347179738,-0.359234869253263,0.678837632423526,-0.206314536392389,0.272742114651255,0.516609918089778,0.0907661995679395,-0.745784587227019,0.523497495446065,0.0651973819368995,0.199494405931502,0.378512001668951,0.56302505107134,-0.641399449106196,-0.121429766000609,0.353731866268433,-0.713226605913586
394,0.0460672102998333,-0.235181671296605,0.577699549091422,-0.0635854636750315,0.153206990328791,0.71036381329538,0.0657050273882799,-0.97277611776421,-0.23143088962723,0.104633847108487,0.0670777062145829,0.420502945013644,1.43135771426723,-0.553168663643023,-0.0368050396948749,0.192043570128221,-0.507549887244796
395,-0.0433413398678905,-0.0505211782330792,-0.110601295807623,-0.639236842264944,-0.441101444682894,0.562127984946812,0.114444847990142,-0.389173065458936,-1.09994835390109,-0.491365634597608,-0.371718475639339,0.490388931993682,0.744254446445763,0.331824475763672,0.141220310459411,0.198238524003325,0.335689232035629
396,-0.199806302661407,0.0910770314112174,-0.360341387544355,-0.555358145502136,-0.957403390113254,0.26142677336473,-0.0218391888466037,0.273016020177145,-0.848762841804193,-0.773145538968794,-0.395328364047746,-0.481189502709685,-0.28231822824184,0.535906118661098,0.00438794877140845,0.0117704123626974,0.500385796832417
397,-0.39934001827962,-0.0292618181158719,-0.134111464301489,0.250283208082571,-0.82215472832117,-0.113694463454846,-0.273317917067367,0.603640925345799,0.0980871879570063,-0.584232149356509,0.191898976714843,-1.37872736946605,-0.818808803523327,0.357910099291914,-0.216442289397841,-1.0432302325675,0.416186470105699
398,-0.101402380068272,0.0430622834192295,-0.0937449485856056,0.560769674325543,-0.210449162539549,-0.435442745773919,-0.285034220096661,0.597065998254377,0.792791411473482,-0.142798168242282,0.867160087434362,-0.26381589140235,-0.721050208508078,0.203698030786717,0.26345602623436,-2.07345106199728,0.191875894499388
399,-0.0297119877081765,-0.0656805514984741,-0.12790123111443,-0.114318546394471,0.300802002989862,-0.536448544573928,-0.00691261878728337,0.324363069843489,0.66136829809892,0.508857615117264,1.01467613438922,0.454926615882792,-0.0514575461673673,-0.332208087874381,0.591119384491167,-1.77733226676731,-0.706584094664295
400,-0.242602468442909,-0.131934864136475,-0.045689572733363,-0.266517794552791,0.411919160810743,-0.494152995724472,0.215626840951124,0.18034085736472,0.100693700643976,0.584232149356509,0.598117173012979,0.162473791386711,1.25732592973459,-0.391284352923636,0.607238379977973,-0.735960520362343,-1.08590254101977
401,0.095405465117998,0.320581487221978,0.0798458552621878,0.729203508954084,0.333912671229417,-0.374114199942208,0.12592682495885,0.437076105696439,-0.0336102951740791,-0.146296564346213,-0.138364927416711,0.256693752601836,1.08243472898203,-0.467623162954816,0.503539509012851,-0.122660086727057,-0.333497957607076
402,0.345095196683958,0.714725192122246,0.170189961864404,0.812405764613966,0.134126266258539,-0.0107501186659033,-0.148468991987212,0.558555711004619,0.13567584460067,-0.691092248531135,-0.79761157894448,0.176272935312706,0.177684303467277,-0.459567308629918,0.171756851909416,-0.226735311828803,1.03698884710542
403,0.252960776084292,0.501527631855935,0.0486468266319625,0.283428822125938,-0.26095696154904,0.410166120151982,-0.168995954894535,0.109895209956626,0.16489622367038,-0.369239806969465,-0.95135038718527,-0.275686122736539,-0.46687786146843,0.217508066772257,-0.86182895869459,-0.176556185440461,1.46511667154264
404,-0.011721242857354,0.14102444850477,-0.144018264861798,-0.0561446115428469,-0.63246988315219,0.495764254728261,0.159154260349928,-0.455548519905673,0.244189083305554,0.0159018004724145,-0.721748797973281,0.85435990027825,-0.574304888957715,0.440770315205155,-1.29238523814218,0.556926353371841,0.791057852273745
405,0.0575158661139931,-0.080900320673293,-0.0289810882062756,0.238783709332831,-0.793533642215792,0.378645865890364,0.375484079482809,-0.579845951110176,0.307294127305866,0.202270902009113,-0.264101309870786,1.68794689572167,-0.493519764285773,0.670937581630824,-0.833531166617752,1.02898183865476,0.65417100578036
406,-0.0095405465117998,-0.156999166547387,0.0680168396677896,-0.117024310806175,-0.620684730049976,0.350046018573113,0.125036385928624,-0.421734609149788,0.527064302280865,0.421397712518985,0.138364927416711,0.37969902480237,-0.276839449839886,0.710066016923187,-0.0945647735225984,0.47577245760798,0.694879858244609
407,-0.129478845517283,-0.0399216961291875,-0.148454145709697,-0.250959649185496,-0.108872366753793,0.337458057606013,-0.141017423260581,-0.053225600263893,0.759318301177665,0.210857874264216,0.204710544068243,0.294530114979564,0.165759903415966,0.141936480962496,0.4587645215495,-0.884639413364837,-1.02702708630518
408,-0.0948602910316094,0.0116866084735216,-0.117698705164262,0.796171178143745,0.472528519622133,0.160546854174392,-0.0239832723009645,0.112399944086692,0.474385309028431,-0.433165044868571,-0.206540767975871,-0.0691440975216507,0.565818153786061,-0.327988354656578,0.210442441077752,-1.34244650473501,-1.01641495641005
409,0.0275312913626223,-0.124717552960321,0.0331212436643149,0.889520050347514,0.669508935759151,-0.0184287748558342,0.232357721676956,-0.123671247671987,-0.338846649306022,-0.185414993508353,-0.570206258421645,-1.81911295196446,0.093246659860699,-0.671321193741533,-0.0685057308189278,0.140005957577348,0.669866125227148
410,-0.402611062797951,-0.208486679331248,-0.13026703423331,0.412629072784779,0.280037685619293,0.0791782744830582,0.0250728884826888,-0.248907954175265,-1.33947315134575,0.211493946283113,-0.202056719402181,-1.52532472644328,-0.81687511702852,-0.499079356032991,-0.121161116075829,1.23093733498314,0.76823836267392
411,-0.200896650834184,-0.130092788899047,-0.357236270950825,0.102819047644732,-0.322688715893975,0.270087290510095,-0.386356808693994,-0.14214366188122,-1.73676055879119,-0.171421409092628,0.547602993162434,-0.132056323592852,-0.54358075909578,-0.398956595137825,0.396437739000514,0.522234611671259,-0.429337486880842
412,0.449496034227368,-0.547670106655782,-0.321749224167631,-0.356484461241932,-0.617878741216115,0.281063992473406,-0.246370420099991,-0.0432066637436308,-1.46293954178114,-0.487867238493677,1.03188023912092,0.0218115500765722,0.615019732376154,0.176077958815636,0.523330053471652,-0.288065355192331,-0.622427296700106
413,0.151285808972825,-0.459371287078064,-0.00606237049212907,-0.441716040210591,-0.449519411184476,0.12049196237708,0.110461304960182,-0.0807776756946142,-0.922293936552383,-0.096364910862832,0.827261206248061,0.421541590255386,0.429600682929649,0.756099470208321,-0.0573119839530899,-0.240364210354031,-0.692324120345479
414,-0.145016306979357,0.0690627224262116,0.288036529723596,0.333485463742452,-0.213816349140182,-0.148588291255647,0.176494388833283,-0.0889180616173272,-0.466702955845784,0.0267150247936564,0.245433026012976,1.53956900404431,-0.235587471284001,0.669786745298695,-0.793054577950882,0.109031188201829,0.52179461540346
415,-0.240966946183743,0.0394687268085084,0.282713472706117,0.582415789619171,-0.0544361833768966,-0.469480592228957,0.111632935263112,0.0801514921620978,-0.0438991610436952,-0.0566104096817957,-0.219260824133889,1.26477314865783,-0.389422974648656,0.268912089607323,-0.791263578452348,0.211867422528553,2.14118678030734
416,-0.129751432560477,-0.16823280570023,0.157769495490286,-0.192109273230946,0.21606114020727,-0.689618853621599,-0.125786229322499,0.223547521108351,0.466702955845784,0.571192672969129,-0.499742637977949,0.263964269294027,-0.335172325766568,0.0387448231816542,-0.182323748950767,0.299835767555029,1.12256875375535
417,-0.192719039538356,-0.281928105190692,0.109122668858323,-0.167080952422689,0.527525900765802,-0.606639014926477,-0.31474676457895,0.291801526152637,0.801708428560483,0.601088057857268,-0.262545619549302,-0.0936264496484155,0.249982692967565,-0.123139487537733,0.422317681754331,0.281250905929717,-1.36983138031186
418,0.0864100926925867,-0.00628117458008396,0.0304597151555753,0.409923308373075,0.908017986637306,-0.254780329974101,-0.2594926794928,0.402009827875522,1.2390538204583,0.0699679220786238,0.506789000022319,-0.486976240485102,0.600946791775057,-0.462252593404884,0.639028621076953,0.0384087140256442,-1.37092589412486
419,0.671381887387511,0.726804374007023,-0.0867954019238967,0.645324812191277,1.03148149532717,0.111730741543978,-0.105915379384816,0.197873996275179,1.6917639187214,0.0760106062581414,1.17061121131916,-1.68913391885509,0.212490660373805,-0.0521712470564849,0.468346368866657,-0.211247927141043,-0.276618425863725
420,0.204167695352516,0.515177107385733,-0.0341562825288248,0.846227819760259,0.711037570500289,0.228899482225744,0.0152780591501992,-0.301194279140383,1.46184206275505,-0.0486595094455884,1.01028359701091,-1.17218534425116,0.110972119396431,0.268528477496613,0.282798820818528,-0.769413271287904,0.0433990374230325
421,-0.0864100926925867,0.352470527397788,0.0059145077971991,0.120406516320804,0.353554593066442,0.106368270171994,0.130753941806919,-0.319979785115875,0.807881748082252,-0.0601088057857269,0.301895433563313,0.104754791524218,0.305415039152036,0.100122760895166,-0.180264099527453,-1.1448274761192,0.566117610253165
422,-0.51655244685316,0.179708028490768,-0.225786335158075,-1.04374862181461,0.172287714399044,-0.0633677955083807,0.287611806763105,0.233566457628613,0.257770386253447,-0.286232408503461,-0.593907658025433,0.605085042260282,-0.434864607276624,0.374021807941711,-0.00259694927287439,-0.663479560023628,0.239807133877859
423,-0.211800132561955,-0.118134398833118,-0.176843783136253,-1.39482155423314,0.466916541954412,-0.109515260413769,0.433784403356576,0.304325196802965,0.157213870487733,-0.560061412638439,-1.24638248109498,0.961191982285951,-1.42147442773821,-0.0287709083032086,0.692937705982828,0.242222696516562,-0.437846047889765
424,0.172002424255591,-0.292920160705839,0.32352357650679,-0.857050877407073,1.07862210773603,-0.0909102541043952,0.443344906628479,-0.321545243947166,0.224571645714153,-0.47991633825747,-1.50151569381838,0.876764961921532,-1.15419598334487,0.107795003109355,0.742190192192515,0.727287584937198,-0.703614704367363
425,-0.211527545518761,-0.211446078893019,0.473308486470857,-0.0344984962492192,1.4035556146971,-0.136302441351757,0.0713171365393117,-0.797131636893363,-0.174087610513904,-0.603314309923407,-1.33423322866114,-0.215889832390562,-0.13815115735122,0.535138894439679,0.0721772797909226,0.46028507292022,-0.106981864448912
426,-0.182360731896973,0.0619058071594814,-0.0529348447849319,0.377454135432634,1.18076010128856,-0.128472729630221,-0.401166215723021,-0.679409132780282,-1.29447651127596,0.00254428807558632,-0.811155235860931,-0.713549281076434,0.331734660886911,0.014577260206959,-0.324170909234665,-0.00433646771257273,0.504751815642201
427,0.0425235787383077,-0.0757062724628389,-0.315686853675502,0.410599749476001,0.566248546673079,-0.118503064544278,-0.445781897658572,-0.169069553779425,-2.20648158195873,0.618262002367476,-0.209652148618839,-0.439495315148346,0.292201514770854,-0.164953207605062,-0.0934006238485512,-0.247178659616646,0.207548305191845
428,0.0823212870446725,-0.23696335062461,0.0164127591372275,0.582415789619171,0.1026991913193,-0.179353267859239,-0.123911620837812,0.115843953515532,-2.2169076327066,0.29386527273022,0.246714182748316,0.114547732374924,0.232257233431833,0.0379775989602353,0.12411626524841,-0.200716505553366,0.081229013635882
429,0.451404143529727,0.318648818120413,0.331064573948219,1.02548471203561,-0.143666628293665,-0.0646265916050907,0.112289048232752,-0.09017042868236,-1.49915634964219,0.0973190188911768,0.491140585612096,-0.166331616570323,0.279525125527118,-0.378625153270225,0.137190561587709,0.00495596310008312,0.618771829196343
430,0.131659541862837,0.500561297305153,0.387400260716541,0.822552381157854,-0.168359330031639,0.262937328680782,0.0914457451436385,-0.256422156565461,-0.432818290915182,-0.355882294572637,0.62392333011054,-0.797976301440853,0.531763786071958,-0.373254583720292,-0.137011461637856,0.157971323815149,-0.2431527031158
431,-0.19680784518627,0.156365009498436,0.245008485498972,0.26516491234694,-0.047701810175631,0.507949400944414,-0.0943865372039913,-0.0851609604222289,0.538862201811358,-0.166968904960352,0.67599320028257,0.810885178016784,0.266526455200915,0.207534151893811,-0.664460813956136,0.199477514778346,-1.2388917399219
432,-0.128933671430894,-0.166149146825106,0.173738666542723,-0.804964912481781,0.0667825342458835,0.580858870865856,-0.230201921919566,0.169382645545683,0.819679647612745,0.289412768597944,0.918040312066433,1.34252316389677,-0.862961311821422,0.40240910413421,-0.544732497479134,0.156112837652618,-0.238945645586335
433,-0.157555310966294,-0.575210641353074,0.174477980017373,-1.29809047651474,0.0460182168753147,0.648128934274038,-0.318542846760441,0.249534137707781,1.61439164738189,-0.166332832941456,0.946591805025436,-0.66651348941471,-1.3213524381182,0.514423840461369,0.458854071524426,-0.118323619014484,1.48232958635401
434,0.112578448839238,-0.424341659612211,-0.0582579018024111,-0.926047869905511,0.0224479106708852,0.678239336907341,-0.439595689659105,0.224173704640867,2.39579671395966,-0.175555877215456,0.233994126590298,-2.26009204602958,-0.404892466607113,0.539742239768193,1.18098506933336,-0.334527509255611,1.10950921394112
435,-0.0888633760813352,0.0818364572693632,-0.465915351724359,-0.593238847265985,0.131320277424678,0.514394436959569,-0.321682815972292,0.193803803313822,1.92662443030517,0.212766090320906,-1.02382725392736,-1.00526021611413,0.37234207727786,-0.20830137611523,0.628372174060675,-0.135669489864775,-0.431140545926162
436,-0.0572432790707988,0.184026336014575,-0.355314055916736,0.0838786967628074,0.236264259811067,0.193703543361733,-0.0182188512105519,-0.0397626543147907,0.612804851194332,0.482778662342505,-1.37998882635185,0.907627563390424,0.87391886862533,-0.398572983027116,-0.341812254295225,0.339483472355694,-1.30251557109429
437,0.0106308946845769,0.05115533528203,0.162205376338185,0.751526065350638,0.396766821107896,-0.0127138405767709,0.357862759726751,-0.424552435046112,-0.70842271134263,0.255382915586977,-0.717081727008828,0.889525460605786,1.04204216664606,-0.237839508639857,-0.557269493968873,0.814636434576163,-0.86189552448638
438,-0.211527545518761,-0.0122905675677604,0.152298575777877,0.658853634249794,0.597675621612318,-0.0276935141276197,0.63530481546043,-0.475899484712455,-0.851232169612901,-0.106224027155729,0.0991981357934622,0.163809192411808,-0.0804628435894741,-0.399723819359244,0.476226766660207,0.971988263003802,0.0746929847788087
439,0.0547899956820503,-0.048528113222091,-0.190003562985021,-0.217814035142129,0.65604018935662,-0.105789223967507,0.612809513644186,-0.087039511019778,-0.137047693383286,0.00890500826455213,0.231157279533474,0.152087338969296,-0.705795570604599,0.0349087020745597,1.25871444756974,0.638699744523212,1.42073951270292
440,0.194354561797522,-0.194686214027891,-0.0817680702962775,-0.389630075285299,0.250855401747142,-0.277942178153565,0.324775919972026,0.232627182329838,-0.0444479005567413,0.0947747308155905,-0.058658676239492,-0.0820529740975812,0.0395331461160567,0.544729197207415,0.442914175987473,0.141864443739879,1.40020333619319
441,0.110942926580072,-0.377232850261581,0.369656737324943,-0.0311162907345899,-0.290139245421191,-0.348434759569324,-0.0399291607238334,0.304012105036707,-0.753007796777633,0.422033784537881,-0.196566047679296,-0.0474809253367559,0.58408074845924,0.313027482338909,-1.00188511947995,0.0520376125508728,0.0055072621036519
442,0.157010136879905,-0.116745292916368,0.703234977086972,-0.137317543893951,-0.500027210193968,-0.228295260099323,-0.126676668352725,0.189107426819949,-0.7145960308644,0.139935844157248,0.269775003984434,0.616213384136085,0.180369979154509,-0.0379775989602353,-0.720966848134886,0.0161068800752701,-0.834399877082105
443,0.215616351166675,0.322393364504694,0.643498448335261,-0.242842355950386,-0.0836184672490474,-0.0101710724614167,0.177244232227157,-0.0710718309406101,0.180809669548719,-0.317399937429394,1.03590673171771,-0.317677066081232,-0.497172283220409,-0.129660893419793,1.01012371717321,-0.266383016629468,-0.382867872803239
444,0.06623865149621,0.520008780139643,0.0686082904475095,-0.308457142934195,0.689150857596176,-0.00725066551704952,0.426098508569359,-0.0635576285504135,0.356543498601762,0.213084126330354,1.21234031641309,-0.958372802344082,-0.243751925373187,-0.496777683368735,1.71649391939504,-0.27009998895453,-0.798074696876237
445,0.156464962793517,0.295939956177033,-0.603427658009238,-0.67914686733757,1.12632391791166,-0.292846323938611,0.217501449435811,0.174705205572072,-0.712401072812215,0.114492963401384,0.883632102603018,0.137397927693237,0.487074142636416,-0.32645390621374,0.888335751272894,-0.552589885659268,-1.55400740223396
446,0.195444909970299,-0.0283256815198017,-0.691258098797644,-0.613532080353761,0.982096091851227,-0.54108091420982,-0.205269629073228,0.358490072365633,-2.00344796213164,-0.331393521845118,0.754052249942923,0.478815456442847,0.77927565740727,0.0866963370203351,-0.330618507429388,-1.19686508867007,-0.407239782599783
447,0.0523367122933017,-0.0372340781598246,-0.120803821757792,0.182639097789984,0.475895706222766,-0.567364576709125,-0.546260912437797,0.529125084976348,-1.78011098032184,-0.367967662931672,0.613308031446295,0.0958521180235759,0.678401678594832,0.323385009328064,-1.08498749621193,-0.9837586753665,0.882425682774991
448,-0.0626950199346844,-0.0117470043829455,0.303562112691244,0.33551478705123,0.0752005007474654,-0.575924390166753,-0.575504804798914,0.468072190556001,-0.434327324576059,-0.573418925035267,-0.187689461727298,0.509826435803416,0.0463010488478816,0.489105441154546,-0.677356010345582,-0.182131643928055,0.652995446589709
449,-0.173637946514756,0.107051749453835,0.217062436157207,-0.119730075217878,0.0095403620351262,-0.659004932549612,-0.39854176384446,0.0926751628124255,0.670422500064182,-0.531120135778645,-1.39902315499119,0.422580235497127,-0.429708109957138,-0.051404022835066,0.195129395365286,0.103455729714235,0.508266857986671
450,-0.577611944528679,0.37783680935582,-0.00473160623775928,-0.691322807190236,0.0162747352363918,-0.496871995293366,-0.358425142272157,-0.4126549479283,0.813780697847499,0.131666907911592,-2.24861309291232,-0.354326405325541,-0.447648423547849,-0.275817107600093,0.416407383409169,0.014248393912739,0.61162499101782
451,-0.849108639550182,0.304274591677529,-0.0657988992438399,-0.601356140501095,-0.0409674369743655,-0.0284739677075799,-0.181274640469234,-0.547597499185582,1.35813029478932,0.86124151358597,-2.24092615250028,-0.162028657711679,-0.0805702706169634,-0.0187969934247629,-0.367244447174409,0.0706224741761845,0.0948873263293392
452,-0.762698546857595,0.152892244706563,0.0430280442246234,0.221196240656758,-0.154890583629108,0.388112012537623,0.126910994413311,-0.069193280343061,2.411710159838,0.677416700124858,-0.952082476748322,-0.0574222440791391,0.250304974050033,-0.185668261583373,-0.807740773838861,-0.0799149049888403,-0.845598984143078
453,-0.809583518287011,-0.0558964141718049,0.171520726118774,0.124465162938359,-0.392838436740491,0.545914691221187,0.168433572349128,0.338452199325108,2.69376226954374,0.450020953369331,0.728337604040743,-0.643366538313042,-0.0933540868881882,-0.387831843927251,0.0555209844545559,-0.107172702039297,-1.84313839185573
454,-0.655299251839049,-0.268641005117437,0.00354870467831946,-0.102142606541806,-0.487680859324981,0.477436183560164,0.142095323139276,0.375397027743575,1.42178407830268,-0.163788544865869,2.00299704450858,-1.22975596622198,-0.371590088085435,-0.0920669065702674,1.12832968407646,0.178414671602992,-1.41907928610534
455,0.093497355815638,-0.323359699055476,-0.257281089178161,0.941606015272806,-0.454570191085425,0.2586070701081,0.316058990518231,0.281469497866117,-0.43446450945432,-0.33107548583567,1.76982651867672,-0.184878853029993,0.434112618084199,0.318014439778132,0.793770977750296,0.0551350894884247,-0.302004927496896
456,0.490656677749704,-0.46118316436078,-0.12997130884345,1.06404185490239,-0.279476487852521,-0.00395261974366936,0.357675298878283,0.00500946826013111,-1.55677399851204,0.668511691860306,0.60909851645875,0.811330311691816,1.27236571358309,0.232468939089925,-0.349424002163995,-0.0836318773139026,0.589207518588314
457,0.467214192034996,-0.510103850994126,-0.0137512306284879,-0.0135288220585173,-0.0572421722107573,-0.213894632752961,0.118287795383751,-0.261118533059334,-1.07059078995312,0.228031818774424,-0.611111762757141,0.156687053611294,0.723198749057863,0.264692356389519,-1.26552024566417,0.144961920677431,0.663854323550452
458,0.692371089713471,-0.540060222068373,-0.151707124998157,-0.18331553889291,0.0847408627825916,-0.262735921305308,-0.0106618357566574,-0.317475050985809,-0.476580267080615,-0.433165044868571,-1.18854740561392,0.386821163602883,-0.513071483288823,0.148074274733847,-0.839978764812474,0.159829809977681,0.110218864977982
459,0.317018731234948,-0.163008559535064,-0.182462565543592,0.524241854767547,0.266568939216762,-0.0643748323857487,0.0167660296349195,0.0945537134099747,-0.802943092464837,-0.180008381347732,-1.23210673461548,0.91341430116584,-0.912700025548961,-0.497161295479444,0.224591337116171,-0.26948049356702,0.576212574347356
460,0.317018731234948,0.32263494814239,-0.012864054458908,0.131906015070544,0.367584537235745,0.127415340908985,-0.0400580400571557,0.71948487886133,-1.32575466351959,-0.461788285718917,-0.701799357380131,0.0498549716035937,-0.0649933516310171,-0.421973321780392,0.576701838527967,-0.779944692875581,0.992409074821576
461,0.348638828245484,0.155308081083518,0.0204050519003369,-0.85434511299537,0.0639765454120228,0.0725318310924294,-0.257055688462707,0.453356877541865,-1.34166810939793,-0.510447795164506,0.0609464561240275,-0.409968114704551,0.940201344586218,-0.316479991335294,-0.206591792155904,-0.822689874613798,-0.303900747390298
462,0.40124812758198,0.232101479915987,-0.321453498777771,-0.520859649252917,-0.444468631283527,-0.0354476980833532,-0.29848453597429,-0.461810355230837,-0.931485323395906,0.0677416700124858,0.256048324677221,0.04837119268682,0.955670836544675,0.0790240948061462,-0.815621171632411,-0.482586906870594,-0.697157554328338
463,0.492564787052064,0.207490146825754,-0.400855765955169,0,-0.781187291346805,-0.0292544212875401,0.0392378988451051,-0.611468219502254,-0.0765491620699434,0.554972836487266,0.164445618100417,0.368273927143213,0.375779742157517,0.228632817982831,-0.596134183087062,-0.441700211294908,-0.634107861450083
464,0.455220362134447,0.304636967134072,0.0202571892054069,-0.19143283212802,-0.871540131797118,0.126886646548367,0.203863672709713,-0.19943945510647,0.967016206865647,0.715899057268101,0.235092260934875,-0.199419886414375,-0.690111224591164,0.245895362964756,-0.0445958875134981,-0.481967411483083,-0.279945258373268
465,0.461217277084722,0.275646930610608,0.201832578579419,-0.0615561403662538,-0.986024476218632,0.349542500134429,0.187039061559647,-0.266754184851982,1.85912947020049,0.378144815234017,0.400636013379869,-0.272718564902991,-0.873596587542862,0.177612407258474,0.294261217609146,-0.0774369234387987,0.0697509820870793
466,0.197353019272659,0.429052540547274,-0.0320862047998051,-0.465391478812996,-1.00398280475534,0.41620834141619,0.244308350766835,-0.42486552681237,1.65335215280817,0.188913389612284,0.5531851760807,-0.203277711597986,0.0430782380232031,-0.306506076456849,0.539896798833092,0.481967411483083,-0.727957205123404
467,0.040888056479142,0.568083924041055,-0.185715544832052,-1.24126942386896,-0.884447680432877,0.356188943525058,0.206909911497329,0.02254260717059,0.664660735177197,-0.377508743215121,0.879971654787761,-0.574074062899714,0.251164390269947,-0.433098072990966,0.452675123254484,0.565599288796986,-0.241125525516249
468,-0.297665051168154,0.0642612476270128,-0.213661594173817,-1.14656766945934,-0.757616985142376,0.267066179877991,-0.0265725752704385,0.672208022156343,-0.492219343202432,-0.900996014767006,0.999302253565136,-0.314115996680976,-0.111186973451409,-0.0134264238748307,0.0773711783366714,-0.0545155941009143,1.16267498167887
469,-0.574068312967153,-0.224159417826746,-0.144166127556728,-0.209696741907019,-0.365900943935429,0.0559408985377918,-0.335367457910507,0.731069274212884,-0.920098978500198,-0.612855390206855,0.722206353950188,0.233843557283523,0.0649933516310171,0.0444990048422959,-0.515270555728249,-0.631885295260598,1.32884448603221
470,-0.86110246945073,-0.180221393720871,0.105426101485074,0.0642619047779573,-0.117851531022147,-0.0953412163648144,-0.353035642878682,0.334068914597493,-0.586739724324638,-0.0168559085007594,0.319831627858072,0.442759628765248,1.09360713984092,-0.321850560885226,-0.74827959048753,-0.58790112274736,1.04539469714068
471,-0.350819524591038,-0.193387701975277,0.363150778748024,0.0378807017638485,-0.0162747352363918,0.0325272911389861,-0.139564601684948,-0.112086852320434,0.0928741625830675,0.116719215467523,-0.462131536676185,0.539798769922243,1.41975559529838,-0.275817107600093,-0.360349099105053,-0.0960217850641104,0.703407677561091
472,0.269588585719143,-0.282169688828387,0.347033745000657,0.779936591673524,0.130197881891134,0.185521368733118,0.0213471041193734,-0.40232291964178,0.507858419324248,0.0903222266833144,-1.27530001883551,0.462642266250015,-0.033624659604146,-0.207917764004521,-0.135489112064102,0.585423141197319,-0.588190038005552
473,0.196262671099882,-0.479181145369098,0.162944689812835,0.502595739473919,0.101576795785756,0.164172186932916,0.134878080473231,-0.13869965245238,0.417316399671627,0.112902783354143,-0.828725385374164,-0.10460641363254,-1.45456195220491,-0.246278975075465,-0.256739778114858,0.796051572950851,-1.28146945064896
474,-0.639216616290586,-0.322876531780085,-0.0705305054815992,-0.176551127863651,-0.098770806951895,0.151609401887751,0.221484992465771,0.283661140229924,0.246246856479477,0.167923012988697,0.210841794158798,-0.595143723517899,-1.5108537146093,0.369802074723907,-0.577060038427674,0.208769945591001,-0.716803435328145
475,-0.990581314968013,0.00999552300965284,-0.244417034719253,0.198197243157279,-0.389471250139858,0.26142677336473,0.121755821080422,0.247029403577715,-0.193705048105305,-0.217218594453182,0.465334428514534,-0.61532311678602,-0.794852576393216,0.323385009328064,-0.911976944653544,-0.287445859804821,0.347187926143585
476,0.33119325748105,0.180915946679245,-0.152446438472807,-0.0040586466175552,-0.509006374462322,0.283984399417773,-0.0133214365443071,-0.10050245696888,-1.03670612502251,-0.197500361867388,0.0626851688362746,0.132946590942916,0.706332705742046,0.34716896019205,-0.433511428620169,0.0123899077502078,1.04871555155059
477,0.98594733523371,-0.00552622571228541,0.122430311402021,-0.414658396093556,-0.438856653615806,0.037940114354839,-0.0708836333272278,-0.151223323102708,-1.65774206891254,0.142162096223386,0.135894125141413,0.450178523349117,1.48421181179195,0.259705398950296,0.882246352977878,0.596574058172506,0.68648805072527
478,0.174183120601145,-0.339183427324534,0.432350519975254,-0.358513784550709,-0.399572809941757,-0.344708723123063,-0.256165249432481,0.0572957932252496,-0.97620759370917,0.34220674616636,0.444378364772189,0.271976675444605,0.75370802486482,-0.588460977828292,1.40163620755276,0.914375191965336,-1.1000112573813
479,-0.0793228295695354,-0.128643287072873,0.402630118294328,-1.28591453666207,-0.368706932769289,-0.642288120385303,-0.369860254028748,-0.00688801885768028,0.532551697411327,0.63988845100996,0.441816051301509,0.59113752044261,-0.246974736197865,-0.384762947041576,0.71380285014075,0.685781393974002,-1.50086731223963
480,0.263319083725674,0.233732169470432,0.0857603630593869,-1.12153934865109,-0.182950471967714,-0.694049815882018,-0.0345396613303583,-0.129306899464634,1.06194814262264,0.366695518893879,-0.206357745585108,0.441572605631829,-1.24787235131553,-0.0283872961924991,-0.532553700889103,0.0297357786004987,0.18436431199997
481,0.0338007933560907,0.181912479184739,-0.0511604924457722,0.631119549029833,0.047701810175631,-0.562530799697759,0.190928874165373,-0.140891294816187,0.656292457603243,-0.237890935067321,-0.828725385374164,-0.765778298946866,-1.11767079399852,-0.133497014526888,-1.31244443252576,-0.477630943770511,1.88462239119928
482,-0.201714411963767,-0.0485885091315149,0.098180829433505,0.447127569033998,0.104382784619616,-0.382573309712099,0.194678091134747,-0.261118533059334,0.39715022256718,0.168559085007594,-0.692922771428133,-1.42027317913571,0.0315835460818496,0.177996019369184,-1.00904911747409,-0.569935756509559,1.73388039606058
483,0.148559938540883,-0.0200816398834415,0.126866192249921,-0.705528070351679,0.127953090824046,-0.180335128814673,0.235450825676689,-0.317161959219551,0.473287830002338,0.049295581464485,-0.0874847027846401,-0.652862723380393,0.590526370108597,0.323385009328064,0.167727103037715,-0.11150916975187,0.629999823718657
484,0.0040888056479142,0.387137779407098,-0.0224751296293566,0.153552130364172,0.154329385862336,-0.0320741245441705,0.121755821080422,-0.203509648067826,0.32896933807119,-0.283688120427875,0.830921654063318,1.89448892093656,0.470208099320598,-0.00920669065702674,1.41488960384191,0.491259842295739,-0.386633915089576
485,-0.124027104653397,0.241342054057841,-0.0616587437858006,0.884784962627033,0,-0.00314699024177497,-0.180056144954188,-0.0391364707822743,-0.148571223157256,-0.380371067300155,1.04652203038195,1.3253113284622,0.364392477243653,0.00230167266425669,1.1881490673275,0.724190107999646,-0.541444107335934
486,-0.206893565784458,-0.172641707088173,-0.136920855505159,0.428187218152074,-0.246365819612965,-0.0685288595048917,-0.227108817919832,0.0807776756946142,-0.530768293993927,-0.497726354786574,0.293659425978985,0.0661765396881035,-0.48804098588382,0.0341414778531408,0.30285801520211,0.405149983431795,0.183223096791135
487,-0.472120758812493,-0.215100031413164,-0.0933013605008157,0.0236754386024053,-0.430999884880996,-0.139575311203203,-0.0628228168430736,0.0150284047803933,-0.555324387202744,-0.165060688903663,-0.651376688724967,-0.512200482070254,-1.18169730238213,-0.15958263805513,-0.312529412494194,-0.379131177156359,0.212641325112026
488,-0.52990921196968,-0.140933854640634,0.415198447363376,-0.501919298370993,-0.332229077929101,-0.117395323979173,-0.0585580825404107,-0.13525564302354,-0.282189294584003,-0.313901541325462,-0.977339566673595,-1.04161279957508,-0.435186888359092,-0.0234003387532763,0.178831299928626,-0.6678160277362,-0.612175457642248
489,-0.201986999006961,-0.0418845631854637,0.684456414830865,-0.63179599013276,-0.121779915389552,0.0256542644509495,0.0191327228468369,-0.0237949742356228,-0.409908416245503,-0.153929428572972,-0.848857848358077,-0.285479063587245,0.875530274037669,0.0671321193741533,0.831740167119218,0.0823928865388819,-0.547870363839915
490,0.743072279747607,0.161287276116483,0.382520791783851,-0.81172932351104,0.0538749856101245,0.0444355022138625,0.196974486528488,0.041954296678598,-0.497020813941586,0.311993325268773,-0.424794968960564,0.143184665468654,0.558298261861812,-0.281571289260734,0.561657442740281,0.950925419828449,-0.5788617952811
491,1.18711657311109,0.167326867058871,0.0119768782893282,-1.03968997519706,0.384981668005681,-0.121020656737698,0.372062918998256,-0.183471775027302,-0.264492445288263,0.899087798710317,0.383248886257398,-0.261738600918867,-0.364499904271142,-0.154595680615907,-0.226650986539485,0.82640684693886,-0.587873880789773
492,0.429324593030991,-0.0202024317022893,-0.0694954666170894,-0.198873684260205,0.481507683890488,-0.13481706195764,0.382795052573089,-0.0926751628124255,-0.25626135259257,1.06287634357619,1.04615598560042,0.13161118991782,-0.84222789551599,0.164185983383644,-0.831740167119218,-0.0935438035140689,1.17577745147037
493,0.0027258704319428,-0.32372207451202,0.165162630236785,0.629090225721056,0.287333256587331,0.134414247206692,0.109852057202659,0.30338592150419,-0.215243073992368,0.524123343570782,1.19367203255528,0.4004719296372,-0.555720013202069,0.271213762271579,-0.308947413497125,-0.395857552619139,2.48279906531899
494,-0.13629352159714,-0.128341307525754,0.25964689229704,-0.0581739348516245,0.0426510302746819,0.343097464119274,-0.128973063746467,0.407645479668169,0.0240073536957708,-0.48373277037085,1.11643658365336,-0.151938961077619,-1.03473712877679,0.222878636322189,0.169070352661615,0.0712419695636948,1.38620415145592
495,-0.0261683561466509,0.2923162016116,-0.0699390547018793,-0.474185213151032,-0.0791288851148703,0.217117150760538,-0.146360057441939,0.32592852867478,0.395229634271518,-0.863467765652108,0.683680140694609,0.0902137581398361,-0.924731852627761,0.216357230440128,-0.0743264791891635,0.443558697457439,-0.01889341478981
496,-0.0130841780733254,0.234698504021214,-0.51944164728901,0.233372180509424,-0.0869856538496802,-0.0332070410312094,-0.120724786413844,0.0685670968105446,0.714184476229615,-0.659288647586306,-0.324315676431762,0.484453816326587,0.401669655782435,-0.0794077069168556,-0.854306760800747,0.489401356133208,-0.394917916208052
497,-0.360632658146032,-0.0282652856103778,-0.537037307985678,0.450509774548627,-0.189123647402208,-0.0698631833674043,-0.1075087965968,-0.226365347004675,0.624054011211779,-0.439207729048089,-0.826895161466536,0.340527261399546,1.52503408223788,-0.369034850502488,-0.658819165535754,0.151776369940046,-1.4570815439279
498,-0.551988762468417,-0.301254796206335,-0.180540350509502,0.344308521389266,-0.193052031769613,0.0642993046199461,-0.0143876201199728,-0.323736886310973,0.26243467211434,-0.086505794569935,-0.602509710391287,-0.261886978810544,1.28010045956231,-0.236688672307729,0.464943469819442,-0.331430032318059,-2.23304369157767
499,-0.136838695683528,-0.24738164500023,0.0560399613784614,-0.128523809555915,-0.0707109186132884,0.249443034524051,0.0901335192043576,-0.326241620441039,-0.000411554634784642,0.0232166286897252,-0.437515025118582,-0.43534073418138,-0.29886199047519,-0.0621451619349305,0.980393125497545,-0.494357319233291,-1.24672104437458
500,0.601327017286581,-0.0484375193579552,0.110601295807623,-0.573622055281135,0.106066377919933,0.422149858992661,-0.015149179816877,-0.0588612520565405,0.0765491620699434,0.0607448778046234,-0.35250112460924,-0.270344518636154,-1.97321964092318,0.242059241857661,0.694191405631802,-0.734721529587323,0.336003182570334
501,1.0246546953673,0.0011475222790538,0.0140469560183478,-0.543182205649471,0.26881373028385,0.453368002191069,-0.224296905192801,0.389486157225194,0.480009889037154,0.123397971665937,-0.107708676963935,-0.531489607988311,-0.831162911684594,0.287709083032086,0.0223874937316758,-0.767554785125373,1.58932352736662
502,0.198170780402241,0.238020279039528,-0.275911788739338,-0.522212531458769,0.250855401747142,0.279150622406407,-0.270131082643399,0.29994191207535,0.491670603689386,0.320898333533325,0.0854714564862488,0.0406555423195972,1.26162301083416,0.186819097915501,-0.110056919184918,0.347536912393329,1.54707962730393
503,-0.497198766786366,0.162827371806792,-0.395236983547829,0.37474837102093,0.0286210861053786,0.0144006273463622,-0.142845166533151,-0.196934720976404,-0.509367452985125,0.0559743376628991,-0.579723422741313,0.580157556458486,1.21177687007913,0.147690662623137,0.317633761065016,1.33315407392236,0.456488089607999
504,-0.579792640874233,-0.0819874470429229,-0.243825583939533,1.02616115313854,-0.364217350635112,-0.115658185365714,-0.077550209750896,-0.164060085519294,-1.41794290171135,-0.423623964585123,-1.22661606289259,0.686692882682832,-0.0344840758240603,-0.406245225241305,0.59210443421536,0.485684383808146,0.202224225702417
505,-0.722355664464842,0.116715094961656,-0.281530571146677,0.0236754386024053,-0.557830580171497,-0.0380408180425758,-0.0466660349656774,0.259239982461785,-0.924626079482829,-0.461788285718917,-0.484094223567726,0.569029214582684,-1.21220657818909,-0.513273004129241,0.418108832932776,-0.911277715027784,0.20351180404871
506,-0.527728515624126,0.151986306065205,-0.576664510226912,-1.32785388504348,-0.242998633012332,0.055462556021042,0.0281659924824224,0.203196556301568,0.223885721322845,-0.400725371904846,0.562244784423461,-0.0566803546207523,-1.15075831846522,-0.392051577145055,0.107191319987264,-0.633743781423129,-0.460207350255554
507,-0.125935213955757,0.136494755297978,-0.504507515101083,-0.896960902479699,0.244682226312649,0.0174217379784662,0.117584817201993,-0.203822739834085,0.702249391820861,0.1488408524218,0.86899031134199,-0.64010222469614,-0.546696142892969,-0.00537056954993227,0.104863020639169,0.822689874613798,-1.58347662494841
508,0.2668627152872,0.0144648203070203,0.0119768782893282,0.401806015137965,0.394522030040807,-0.0595158794524482,0.0198474173316238,-0.221668970510802,0.244189083305554,0.106542063165177,0.588142452716404,-0.537424723655405,0.0958249085204418,0.425425830776777,0.455898922351845,1.29598435067174,-1.43945658157769
509,0.135475760467557,-0.222800509864709,0.32648083040539,1.29673759430889,0.100454400252211,-0.125275387544578,-0.104415692597067,0.16468626905181,-0.159134458783395,-0.0270330608031047,0.0323034519696422,-0.203722845273018,0.56904096461074,0.503299089250795,0.297126816806801,0.418159386569513,0.197827594207907
510,-0.143653371763385,-0.138487820308967,0.284783550435136,1.39955664195362,-0.213255151373409,-0.216311521258644,0.0011364813938415,0.278964763736051,0.275330050670926,0.401361443923742,-0.404754017172033,-0.0431779664781124,0.901527614690076,0.578870675060556,-0.502017159439097,-0.218062376403657,0.915695612729388
511,-0.194627148840716,0.0312246851721482,0.0208486399851268,1.10936340879842,-0.293506432021824,-0.245817701765526,0.0727933907210027,0.114904678216757,0.830242883238885,0.390866255611949,-0.502396462644011,0.340527261399546,0.0356657731264425,0.0352923141852692,-0.731354645226384,0.165405268465274,0.214754041694323
512,-0.13629352159714,0.124324979549066,-0.320566322608191,0.915224812258697,-0.127953090824046,-0.136302441351757,0.182586866408515,0.125862890035794,0.775368931934266,0.143752276270627,-0.111003079997666,-0.0393201412945009,-1.42792004938757,-0.285023798257119,0.0770129784369646,0.411964432694409,-0.8126062935746
513,0.0147197003324911,0.203655006577338,-0.452459846485731,0.694705012704865,-0.0914752359838572,0.0131166553277181,0.243042990039672,0.229183172900998,0.377532784975778,-0.529529955731403,0.413356069537886,0.0166183238678646,-1.43608450347676,-0.214822781997291,0.826367168623615,-0.125757563664609,-1.17543320922273
514,0.159190833225459,0.11460123813182,-0.226377785937795,0.554005263296285,-0.334473868996189,0.0853211994350029,0.0715397462968683,0.00814038592271305,0.372319759601839,-0.806539319960864,0.40328983804593,0.416645119830033,-0.368259850233267,-0.30573885223543,0.756876388080494,-0.592857085847443,0.216230070604387
515,0.713632879082625,-0.135528420747196,-0.058849352582131,0.133935338379322,-0.461865762053463,0.0099193132420747,-0.0757458990843848,-0.31215249095942,0.459569342176184,-0.142480132232834,0.0194003734208616,-0.0755243468637773,0.802479895344955,0.00537056954993227,0.179099949853406,-0.341341958518225,1.42554927501607
516,0.527455928580932,-0.413228812278216,-0.0273545985620458,-1.08771729350479,-0.440540246916122,-0.0890220599593302,-0.133612719746067,-0.329685629869879,0.09397164160916,0.103997775089591,-0.101028359701091,-0.717555484151723,1.41717734663864,0.197176624904656,-0.321126210087157,0.250276136554198,0.472262649573473
517,0.139291979072277,-0.24318412929527,-0.00798458552621878,-1.59166591518456,-0.379930888104732,-0.00254276811535417,0.0309076073912772,-0.133064000659733,-0.65958489468152,0.344432998232498,0.064515392743903,0.0400620307528878,0.874026295652819,0.138100359855401,-0.322648559660911,0.534005024033956,-1.10181351399713
518,-0.2859438083108,0.128371505480466,-0.0558920986835314,-0.167080952422689,-0.334473868996189,0.173814565033715,0.234747847494932,0.0350662778209178,-0.931622508274168,0.28655044451291,0.494251966255064,0.171673220670708,-0.204111352229641,0.0103575269891551,-0.00805949774340327,0.380370167931379,-1.43015722631458
519,-0.732168798019836,0.481476189927205,-0.186159132916841,0.789406767114486,-0.351309801999353,0.253672589408996,0.169417741803589,0.139012744218638,-0.324853791723344,-0.413128776273329,1.13437277794812,0.0614284471544279,-0.727495830157435,-0.0878471733524635,0.0465659869618856,0.177175680827972,-0.38495439006296
520,-0.368537682398666,0.115144801316635,-0.276355376824128,0.616237844765464,-0.285088465520242,0.241386739505107,0.180056144954188,0.193490711547564,0.198506518844459,-0.0155837644629662,0.81042314629788,0.521251533462573,-0.912700025548961,0.0191806055354724,-0.299455116154895,-0.0390282094131546,0.451659068987289
521,0.0978587485067465,-0.416731775024801,-0.0600322541415708,0.704851629248753,-0.0404062392075934,0.0931760870784732,0.212065084830219,0.155919699596581,0.16050630756601,0.521261019485748,-0.28240354894707,0.192742881288893,-0.34677444473541,0.088230785463173,-0.445779775185128,-0.648611670723378,0.125803249156299
522,0.228973116283195,-0.189733749455132,0.202571892054069,0.455244862269108,0.30024080522309,-0.155234734646276,-0.0566717577526944,-0.057921976757766,0.107827314313576,0.073466318182555,-1.43013696142087,-0.291414179254339,0.823643019760344,-0.0387448231816542,-0.22924793581236,-0.957739869091063,-0.500154295926954
523,0.244510577745269,0.241764825423809,0.268518653992839,0.200226566466056,0.526403505232258,-0.212686188500119,-0.33499253621357,-0.187855059754917,0.497295183698109,-0.337754242034084,-1.32178770608927,-0.574964330249778,1.38881661138147,0.00230167266425669,0.495480011269448,-0.462143559082751,-0.098466643275291
524,-0.267680476416783,0.418181276850975,0.201536853189559,0.750849624247712,0.407990776443339,-0.0128900720303103,-0.355285173060307,-0.117409412346823,0.800062210021344,-0.50599529103223,-0.672515774858075,0.0480744369034653,0.943639009465875,-0.0721190768133761,0.766189585472871,-0.118943114401995,0.410351202914971
525,-0.624224328914901,0.296060747995881,-0.0385921633767241,0.927400752111363,0.0853020605493638,0.15070306869812,-0.35622247730265,-0.0500946826013111,0.251322696975155,-0.474509726096849,-0.0711957100067469,-0.104161279957508,-0.334635190629121,-0.154212068505198,-0.248501180421601,-0.295499299842456,0.109522275944941
526,-0.44649757675223,-0.0831047713672647,-0.124352526436111,0.501919298370993,-0.29238403648828,0.159288058077682,-0.193365865195466,-0.0363186448859505,-1.00240990545713,-0.197500361867388,0.329623325763885,-0.236959493008747,-1.81078997535938,-0.0836274401346595,-1.3199666304196,-0.359307324756026,-0.477559085367257
527,0.336372411301741,-0.63005012710996,0.174330117322443,0.553328822193359,-0.44783581788416,0.0128145442645077,0.0960736848402096,-0.041954296678598,-1.32904710059787,-0.163152472846973,0.353873792539962,0.349578312791865,-1.83786158628668,0.168022104490738,-1.13334448267235,0.0272577970504572,-0.399280765421384
528,1.17457756912415,-0.55648790943167,0.181427526679082,0.0744085213218453,-0.280037685619293,-0.188215192380077,-0.108446100839144,-0.114591586450499,-0.0905420196526212,0.468149005907883,-0.138730972198237,0.0115734755508342,0.0266419028173426,0.508286046690018,-0.314947261817214,0.328952050768017,-0.0243304442530784
529,0.489293742533732,-0.162283808621977,-0.252845208330261,-0.541152882340693,0.0185195263034803,-0.281164696161143,-0.316527642639403,-0.17345283850704,1.26374709854537,0.557835160572301,-0.671417640513498,-0.448546366540665,2.40249804277036,-0.077106034252599,1.08928589500842,0.170361231565357,0.348750336587351
530,-0.670291539214734,0.214647062092485,-0.397307061276849,-0.129876691761766,0.107749971220249,-0.263440847119466,0.079741158417374,-0.261744716591851,1.02669162890942,-0.00159018004724145,-0.800539937196686,-0.0256693752601836,2.21815326359875,-0.299217446353369,1.43924719702197,0.171600222340378,0.316616125199841
531,-0.688282284065557,0.386171444856316,0.152890026557597,0.691999248293161,0.164430945664234,-0.179076332717963,0.476150555110502,-0.268632735449531,-0.266413033583925,-0.160926220780835,-0.477505417500264,0.371834996543469,0.404785039579624,-0.36826762628107,0.674490411147927,0.0563740802634455,-0.0888892863182537
532,-0.573795725923959,0.276250889704847,0.609933616586157,0.836757644319297,0.505639187861689,-0.0283984399417773,0.382232670027683,-0.235445008226162,-1.04452566308342,-0.42044360449064,0.108532277722367,0.389491965653075,-1.71496506683894,-0.375939868495259,-0.263635126184214,-0.707463732536865,-0.292006295061981
533,-1.03365006779271,-0.0685191592413967,0.179209586255133,-0.106877694262287,0.970310938749013,0.189952330993537,0.214783267133015,-0.0572957932252496,-0.664249180542412,-0.401997515942639,0.686150942969908,-0.348984801225156,-1.78629661309182,-0.0387448231816542,-0.99436292158611,-0.950925419828449,-0.122032994115183
534,-0.133295064122003,-0.267553878747807,-0.383260105258501,-0.457950626680812,1.1437210486816,0.30483006277929,0.00673687424184396,0.316848867453293,0.168325845626919,-0.324078693627808,1.22881233158174,-0.585350782667193,-0.264377914651129,0.174543510372799,-0.917708143048853,-0.467099522182834,0.134332352359953
535,1.19447642327733,0.0281142958368181,-0.232588019124854,-0.26178270683231,0.528087098532574,0.164323242464522,-0.129066794170701,0.300255003841608,0.303864505349327,0.345705142270291,1.26688098886042,0.311148438847428,1.3544399625849,0.562758966410759,-0.365632547625728,-0.289304345967352,-0.324461317756264
536,1.15904010766208,0.257769741421138,0.0539698836494417,0.0412629072784779,-0.450080608951248,-0.0923452816546446,-0.0272872697552254,-0.238262834122486,-0.359012826410469,0.365423374856085,0.754052249942923,0.203426089489663,1.65910301254451,0.212137497222324,0.256381578215151,-0.253373613491749,-0.454801382837521
537,0.443771706320288,-0.0219539130755819,0.200058226240259,0.467420802121774,-1.14764943304901,-0.360116387346793,-0.0463262621778279,-0.510339579000857,-0.439677534828259,-0.101135451004556,0.261905041181632,0.129682277326014,0.836641690086548,-0.401258267802082,0.525121052970187,0.0173458708502909,-0.250352902854854
538,-0.164369987046151,-0.244754422940291,0.223568394734126,0.167757393525615,-1.03821586852844,-0.544605543280609,-0.195709125801324,-0.271763653112113,0.217575216922814,-0.141844060213937,0.103865206757915,0.384595495227722,-0.306489309426929,-0.303437179571173,0.518315254875757,0.0569935756509559,0.86624990806868
539,-0.712815117953042,0.0733206340405955,-0.0603279795314308,0.258400501317681,-0.349626208699037,-0.447225077239124,-0.184742666165905,0.135881826556056,0.500450435898125,-0.265242031879874,-0.196657558874677,-0.347352644416705,-1.2190819079484,-0.441537539426574,-0.258620327588318,-0.0123899077502078,1.39438130908891
540,-0.482479066453875,0.174513980280314,-0.120212370978072,0.77723082726182,0.164992143431006,-0.130436451541089,0.119974943019969,0.234818824693646,-0.0487006317828493,-0.0795090023620726,-0.974045163639863,-1.20809279403708,-1.21779278361853,-0.0920669065702674,-0.851082961703385,0.446656174394991,-0.0707098451962048
541,0.0656934774098215,0.0159143221331935,0.0301639897657154,0.645324812191277,0.501149605727512,0.173638333580176,0.215205054042069,-0.14746622190761,-0.679065147394659,-0.0283052048408978,-1.4319671853285,0.139030084501688,-0.325396466265043,0.117001693766381,-0.380318743513708,0.830743314651433,-0.997045913581425
542,-0.0771421332239812,0.0655295617249144,0.0439152203942033,-0.186697744407539,0.689150857596176,0.327387688832333,-0.141392344957518,-0.496876633051754,-0.362991187880054,-0.443024161161468,-1.11021382236742,1.25112238262352,0.495023742670623,0.364047893063266,0.0405661386417965,0.376033700218807,-0.740673706334221
543,-0.370990965787415,0.0157331344049218,0.178913860865273,-0.586474436236726,0.815981552886677,0.273914030644093,-0.197490003861777,-0.0835955015909379,0.577685522359376,0.173965697168215,-0.345088717783345,0.289485266662533,0.343336779855753,0.542427524543159,-0.35363285098555,-0.386565121806483,-0.604465715182331
544,0.251325253825126,-0.0146762059900039,0.321749224167631,0.085908020071585,0.866489351896169,0.140255061095427,0.202738907618901,0.550415325081906,0.558205269646236,0.826575588556106,0.282952616119359,-0.941902856367894,0.188749287298673,0.0080558543248984,-0.47667451653484,-0.413822918856941,0.126668709473758
545,0.466941604991801,-0.125955669103511,0.296021115249815,0.459303508886663,0.616756345682571,0.093025031546868,0.361658841908243,0.30682993093303,-0.327597489288575,-0.0521579055495196,0.500657749931764,-0.343939952908125,-0.0928169517507418,-0.354457590295529,-0.0506852858085139,0.0402672001881753,1.19652426571903
546,0.0223521375419309,-0.238684634043191,0.0127161917639781,0.272605764479124,0.0117851531022147,0.11893105521716,0.170026989561112,-0.42486552681237,-0.63393132244661,-0.384505535422983,0.959403372378836,0.622000121911502,-0.353649774494725,-0.260089011061005,0.256650228139931,-0.224876825666272,1.68439697721423
547,-0.477572499676378,0.101616117605685,-0.241164055430793,-0.372719047712152,-0.505639187861689,0.167596112315968,0.194912417195333,-0.57045319812243,-0.121545802139731,-0.0906402626927627,1.11387427018268,0.247345945426163,-0.502758488649852,0.0905324581274296,-0.184920698223642,-0.608344470535203,0.648269939372135
548,-0.308295945852731,0.229987623086151,-0.146384067980678,-0.430892982563777,-0.591502446177825,0.29667306407261,0.258930296947394,-0.102694099332688,0.440912198732613,-0.343478890204153,0.637100942245465,0.0189923701347023,-0.517583418443373,-0.0567745923849982,-1.01155651677204,-0.107172702039297,-0.676151154142354
549,0.369082856485055,0.236268797666235,0.137808031674739,0.136641102791025,-0.285649663287014,0.410669638590666,0.125036385928624,0.21509404341938,0.368890137645301,-0.0696498860691756,0.161151215066685,0.391420878244881,0.435294315386581,-0.0237839508639857,-0.837471365514527,0.180892653153034,-0.864258679309908
550,0.0771421332239812,0.244361849529036,0.110749158502553,0.227284210583091,-0.0213255151373409,0.326078540891755,-0.154420873926093,0.230748631732289,-0.385077953280163,0.021944484651932,-0.06625410545615,-0.457003906366275,1.2972887839606,0.386681007595123,0.0801472275593992,-0.237266733416479,-0.0789700542805495
551,0.307750771766342,0.0201118378381535,-0.122726036791881,-0.162345864702208,0.147033814894298,0.0732115809846528,-0.334617614516632,0.0810907674608723,-0.927644146804583,-0.233756466944493,-0.462955137434617,-0.106683704116023,0.0341617947415925,-0.0567745923849982,0.868276556889312,-0.452231632882585,-0.243101548236343
552,0.259775452164149,-0.496454375464328,0.13026703423331,-0.104848370953509,0.345697824331632,-0.225274149467219,-0.439970611356043,-0.152788781933999,-0.684003803012075,-0.0216264486424837,-0.578442266005973,0.00192891259180571,-0.994344566440817,0.167638492380029,0.36831904687353,-0.579847682709725,0.274348673831864
553,0.453312252832087,-0.57919677137505,0.530827074798619,0.293575438669826,0.35299339529967,-0.377034606886575,-0.46340321741463,-0.127115257100827,0.185473955409612,0.255700951596425,-0.0668031726284386,-0.523328823946056,-0.178006584549744,0.367116789948941,-0.084714276280661,-0.537721996359019,0.917328957939334
554,0.112033274752849,-0.227813370346891,0.358714897900125,-0.0060879699263328,-0.0213255151373409,-0.286804102674403,-0.31076322154899,0.160929167856712,0.93354309656983,0.389276075564707,0.0666201502376757,0.306993857880462,0.799042230465298,-0.140785644630367,-0.00698489804428284,-0.0322137601505403,0.510573040317
555,-0.881546497690301,0.204832726811103,-0.0575185883277612,-0.295604761978604,-0.489364452625297,-0.0945104109409858,-0.0138018049685082,0.217598777549445,1.0146193596224,0.595681445696648,-0.458288066470165,1.14458705639917,0.37234207727786,-0.1177689179878,-0.149190258227887,0.479489429933042,0.0458540704222119
556,-0.748524020611493,0.4925890372612,-0.110749158502553,0.27328220558205,-0.755372194075287,0.0477587239091769,0.221438127253654,-0.103320282865204,0.538999386689619,0.324396729637256,-0.769426130767002,0.484602194218265,-0.568933537583251,0.197176624904656,-0.201397893610155,0.770652262062925,-0.0826495946687623
557,0.100584618938689,0.268157837842046,0.140025972098689,0.792788972629116,-0.947301830311356,0.148412059802107,0.225515400707848,-0.33469509813001,0.200152737383598,0.0178100165291043,-0.909255237309816,-0.466203335650272,-0.331949514941889,0.0609943256028022,0.0501479859589537,0.69941029249923,-0.387025139583366
558,-0.163824812959762,0.0884196113965665,0.0993637309929448,0.340249874771711,-0.9484242258449,0.191009719714773,0.179493762408782,-0.134629459491024,0.363128372758316,-0.088732046636073,-0.671326129318117,0.0878397118729983,0.29725058506285,0.154595680615907,0.013880246113639,0.517898143958686,0.0714707088307274
559,-0.045794623256639,-0.246898477724839,-0.237171762667684,-0.0277340852199605,-0.47421211292245,-0.0456691223886383,0.217079662526756,0.32592852867478,0.411554634784642,-0.755017486430241,0.246439649162171,0.264409402969059,0.452375212757377,0.641783061216906,-0.354617900709744,0.314703656855278,1.01316511700928
560,-0.139837153158666,-0.492226661804657,-0.359897799459565,0.146787719334913,0.201469998271195,-0.486700922831949,0.283815724581614,0.482787503570136,-0.104260507478776,-0.336800134005739,1.09593807588792,-0.250758636934742,0.567322132170911,-0.13886758407682,-0.078087578136085,-0.250276136554198,1.10849855400895
561,-0.630493830908369,-0.137340298029913,-0.0971457905689951,-0.516124561532436,0.625735509950925,-0.646014156831565,0.166512098652324,0.310587032128129,-0.847939732534624,0.381961247347397,1.30970822829892,-0.434598844722993,0.803661592647337,-0.311876646006781,0.397154138799928,-0.742774969624958,-0.505114914982658
562,-0.294666593693017,0.284102357929951,0.346442294220937,-0.69876365932242,0.61395035684871,-0.475824924556375,-0.0515634496319222,0.0175331389104589,-0.880864103317395,-0.266832211927115,1.09191158329114,-0.150010048485813,0.0724058165277778,-0.358677323513333,0.276709422523512,-0.567457774959517,-2.04487237326632
563,0.270133759805531,0.443547558809006,0.603723383399098,-0.0473508772048107,0.409674369743655,-0.262534513929835,-0.239434368706649,-0.186915784456142,-0.12854223093107,-0.108450279221867,0.489310361704467,-0.0773048815639056,-0.41885798018072,-0.26354152005739,0.09044547467597,-0.0235408247253948,-1.3803885437875
564,0.0160826355484625,0.328191371809387,0.26097765655141,-0.19143283212802,0.213816349140182,-0.0458705297641119,-0.458341774505975,-0.091735887513651,0.13649895387024,0.430302720783537,-0.282678082533215,0.168557284945483,-0.0429708109957138,0.0851618885774973,-0.237486533505616,0.251515127329218,0.360762746049474
565,-0.0128115910301312,-0.0360261599713469,-0.272954534840738,-0.5073308271944,-0.0263762950382901,0.114122454127727,-0.389356182269493,-0.0723241980056429,-0.276701899453541,0.31072118123098,-0.523993104754026,0.614581227327634,0.0833633733316848,0.215590006218709,-0.618163476919031,0.161068800752701,1.75530526322126
566,0.112578448839238,-0.407672388611219,-0.418451426651836,-0.143405513820284,-0.211571558073093,0.202892754867716,-0.134409428352059,-0.435823738631407,-0.533100436924373,0.261425599766495,-0.729069693603795,0.42807021748919,-0.224307633397626,0.018029769203344,-0.679057459869189,0.102836234326725,1.45598582647068
567,0.158373072095877,-0.167296669104159,-0.292620273266425,0.530329824693879,-0.213816349140182,0.235545925616373,0.03285251369414,-0.489675522427816,-0.0480147073915416,0.0518398695400713,-1.14169367357863,-0.00415458096696614,0.0296498595870425,-0.148457886844556,-0.316738261315749,0.242842191904073,0.743629455329964
568,-0.0357089026584507,0.0977809773572686,0.0807330314317676,0.944988220787435,-0.186317658568347,0.166362492141192,0.101463184233685,-0.0970584475400403,0.774408637786435,-0.335527989967946,-1.31739516871096,-0.160990012469938,0.580643083579583,0.0168789328712157,-0.00322379909736131,0.239744714966521,-0.3446641650593
569,-0.154284266447962,-0.0250341044562,0.409283939566177,0.492449122930031,-0.129636684124362,0.092395633498513,0.169136550530886,0.150284047803933,1.0442512933269,-0.154883536601317,-0.927191431604575,-0.641882759396268,0.353649774494725,-0.250882320403979,-0.0643864319722995,0.184609625478096,-1.43194182948182
570,0.131386954819643,-0.225095554422817,0.0280939120366957,-0.0236754386024053,0.163869747897462,0.132551228983562,0.177712884348329,0.380093404237448,0.430211778228212,0.112266711335246,0.109721923262326,-0.279840703703505,-0.598475970142804,-0.000767224221418895,-0.0609835329250848,0.256471090429301,-1.54546032460991
571,-0.110670339536878,-0.240979678601298,-0.496522929574864,-0.361219548962413,0.560636569005358,0.257700736918468,-0.0134737484836879,0.650917782050786,-0.272449168227433,0.101453487014005,1.26834516798652,-0.198974752739343,-0.976296825822618,0.233619775422054,0.384527592335263,0.14248393912739,-0.91404180556766
572,-0.091589246513278,0.0564399773566198,-0.268814379382699,-0.382189223153115,0.80363520201769,0.319029282750179,-0.131316324352325,0.348784227611629,-0.333496439053822,-0.181916597404422,1.52128211202077,-0.275389366953184,0.327867287897296,-0.258554562618168,0.526195652669307,-0.0786759142138195,0.299449470448086
573,0.340461216949656,0.277096432436781,0.281678433841607,-0.0128523809555915,0.695885230797441,0.151634577809685,0.0364142698150453,-0.154041148999032,-0.182318703209596,-0.021944484651932,1.20209106253037,0.38756305306127,1.78156982388229,-0.240908405525533,-0.0795203777349123,-0.133191508314734,1.79859874104597
574,0.737620538883721,0.285068692480734,0.339640610254158,0.00135288220585173,0.385542865772453,-0.194156709956548,0.301530774761907,-0.227617714069707,-0.347900851271284,-0.250612375445253,0.94293135721018,0.629270638603692,1.08501297764177,0.146923438401718,-0.587089635619465,0.173458708502909,1.66228964377939
575,0.234970031233469,0.29823500073514,0.116220078214962,-0.573622055281135,0.281721278919609,-0.365453682796843,0.452155566506508,-0.206953657496666,-0.65341157515975,-0.401679479933191,0.610196650803327,0.18057589417135,-0.487181569663905,0.275049883378674,-0.431004029322222,0.414442414244451,0.08665664664992
576,-0.424690613296688,0.0425187202344145,-0.0561878240733914,0.0744085213218453,0.512934758829727,-0.16341690927489,0.354301003605846,-0.243898485915133,-0.831065992508454,0.0562923736723474,0.349023699184746,-0.663249175797808,-0.907543528229475,-0.0767224221418895,-0.345036053392587,-0.164166277690253,-1.47264065157755
577,-0.663204276091683,-0.43738717604777,-0.0828031091607873,0.660882957558572,0.931588292841736,0.0846666254647137,0.142704570896799,0.202570372769052,-0.854936161325963,-0.422033784537881,0.162798416583551,-0.731057872294363,-0.110649838313963,0.199478297568913,-0.295694017207973,-0.701268778661761,-1.96119743420588
578,-0.401793301668369,-0.480751439014119,-0.0443588084789932,0.217814035142129,1.19310645215755,0.205636930358543,-0.186476679014241,0.660310535038532,-0.794574814890882,-0.544159612166025,-0.394047207312406,0.339488616157804,-0.00333023785216782,-0.163035147051515,-0.0591925334265507,-0.216823385628636,-1.31941112504566
579,0.269043411632754,-0.0398311022650517,-0.161022474778745,-0.196844360951427,1.09489684297243,0.344406612059852,-0.45196810565804,0.307769206231805,-0.429800223593428,0.780460367186104,-1.13071233013286,0.677345075507158,-0.227852725304772,-0.475679017279715,0.0779980281611583,0.521615116283748,-0.138898818054259
580,0.493927722268035,0.315145855373828,-0.0638766842097502,-0.226607769480165,0.608899576947761,0.503518438683995,-0.373562605786005,-0.355359154703051,0.153784248531195,0.653882035425685,-1.48431158908668,0.0323463803856649,0.380291677312067,-0.126591996534118,0.0496106861093935,0.468338512957855,0.570262960955489
581,0.143108197676997,0.186140192844411,0.384590869512871,-0.338896992565859,-0.0056119776677213,0.433932190457867,-0.0355941286029947,-0.352228237040469,0.494551486132878,-0.120217611571454,-1.61242726262067,-0.585350782667193,0.90238703090999,-0.219426127325804,-0.246441530998287,0.00991192620016624,0.643043716157996
582,-0.488203394360955,0.127374972974972,0.529939898629039,-0.470126566533477,-0.381614481405048,0.200173755298822,0.0988855975672401,0.162807718454261,0.721866829412262,0.523487271551886,-0.938172775050346,-0.595440479301254,0.684954727271678,-0.0191806055354724,-0.298559616405628,-0.0867293542514546,1.32394926497927
583,-0.397159321934066,0.145946715122816,0.217062436157207,-0.436304511387184,-0.274986905718344,0.112309787748465,-0.10071334083981,0.328433262804846,0.93175969315243,0.472283474030711,0.381144128763626,-0.49439513506897,-0.134606065444073,0.158431801723002,0.130742963392986,-0.00743394465012468,1.36193627664168
584,-0.0310749229241479,0.121939341126822,0.0283896374265557,-0.725821303439455,0.0594869632778458,0.150929651995527,-0.101322588597333,0.0262997083656883,0.930662214126337,-0.289412768597944,1.76872838433214,-0.779280687089505,-0.742965322115892,0.318781663999551,0.439153077040552,0.468338512957855,-0.450639983545564
585,0.563982592368965,-0.376870474805038,-0.0446545338688532,-0.471479448739329,0.252538995047459,0.0831057183047933,0.0274747306036941,-0.113965402917983,0.667404432742428,0.167604976979249,1.81594816114895,0.261590223027189,-0.43840969918377,0.333742536317219,0.23793428338025,1.14172999918165,-1.54583064581571
586,0.699730939879716,-0.580887856838919,-0.226229923242865,0.113642105291546,0.170042923331955,-0.0602963330324084,-0.00449906036324884,0.140578203049929,0.215654628627152,0.232802358916148,1.11094591193047,1.10778933926319,0.385125893549085,0.390133516591508,-0.0816695771331531,1.13243756836899,-0.924929168775002
587,0.288124504656354,-0.42494561870645,-0.419190740126486,-0.0561446115428469,-0.119535124322464,-0.0725570070143636,-0.0632563200551575,0.352541328806727,-0.205640132514059,-0.466558825860642,0.364306068813444,0.764739653705124,0.97887507448236,0.0936013550131052,-0.218412388846229,0.708702723311886,-0.246897119927606
588,-0.0932247687724437,-0.0957275164368565,-0.333430377067099,-0.493125564032957,-0.0886692471499965,0.0589116573260274,0.0168714763621831,0.0970584475400403,-0.29165505118405,-0.112266711335246,-0.506972022413082,-0.0908072697065456,0.354186909632171,-0.814792123146866,0.118832816727735,-0.117704123626974,-0.12060924348585
589,-0.660205818616546,0.287122153401146,0.0712698189562491,-1.19797719328171,0.370390526069606,0.125804081905196,0.125551903261913,-0.230748631732289,-0.0628306742437887,-0.149794960450145,-0.896443669956417,-0.880622787105144,-0.195409763003009,-0.598818504817447,0.375393494892739,-1.05747862648024,-0.156214724689605
590,-0.241239533226938,0.44221884880168,0.269257967467489,-1.10327543887209,0.835623474723702,-0.0257549681386863,-0.0994948453247634,-0.0867264192535198,-0.299200219488435,-0.142480132232834,-0.416741983766999,-0.0336817814107612,-0.299721406695104,-0.345634511749212,0.31261896246912,-1.17518275010721,0.799058475420769
591,0.239604010967772,0.450191108845633,0.0372613991223543,0.0020293233087776,0.912507568771483,-0.277539363402618,-0.221391262041537,-0.0159676800791679,-1.11860549734466,0.461788285718917,-0.0465791984491442,1.03983226487495,-0.0517798272498351,-0.176077958815636,0.520285354324145,-0.750208914275082,1.29162740545747
592,0.038979947176782,0.097539393719573,-0.148306283014767,0.10958345867399,0.444468631283527,-0.351757981264639,0.0885635345984322,-0.46118417169832,-1.71261602021716,-0.00477054014172435,-0.352867169390766,0.50849103477832,0.318843417588196,0.856605843214196,0.238023833355177,-0.855523130151849,0.570221234622442
593,0.0755066109648155,-0.098022560994964,0.00665382127184898,-0.503272180576845,-0.268252532517078,-0.369079015555368,0.290236258641667,-0.420169150318497,-1.36306895040673,-0.618580038376925,-0.300614276827974,-0.287853109854082,-0.111616681561367,1.05646775289382,-0.53318055071359,-1.18447518091987,-0.488171215262386
594,0.143108197676997,0.0508533557349105,0.169598511084684,-0.233372180509424,-0.98770806951895,-0.499490291174523,0.178322132105852,0.307456114465547,-0.50182228468074,-0.251884519483046,0.294391515542037,-0.538611746788824,-0.388456131401253,0.369034850502488,-0.841411564411302,-0.950305924440938,-0.399311779320851
595,0.178271926249059,-0.0510647414178941,0.084873186889807,-0.294928320875678,-1.05673539483192,-0.506640253003835,-0.111773530899463,0.441772482190312,0.493179637350263,0.0422987892566226,0.402557748482879,-0.58891185206745,-0.0330875244666996,0.240141181304114,-0.479987865607128,-0.688878870911554,0.200059792540026
596,0.151013221929631,-0.1211239963496,-0.242346956990233,-0.252312531391348,-0.277792894552204,-0.357397387777899,-0.166652694288676,-0.0958060804750075,1.02367356158767,0.165696760922559,-0.0334015863142193,0.270938030202863,-0.0090238703090999,-0.361746220399009,-0.0208651441579218,-0.690117861686574,0.280582427503191
597,-0.131659541862837,0.149570469688249,-0.51929378459408,0.631119549029833,0.543800636002194,-0.246824738642894,0.0152780591501992,-0.222608245809576,0.67645863470769,0.64911149528396,-0.368881628582515,0.69915662558373,-0.305092758069568,-0.8121068383719,0.45903317147428,-0.327093564605486,-0.399231576494158
598,-0.629130895692398,0.183694158512744,-0.366847346121274,0.357160902344858,0.775014115912312,-0.182701665476487,0.0692667835091852,0.103320282865204,0.100968070400499,0.627485046641477,-0.33127052728075,-0.0229985732099911,-0.146637892522873,-0.621068007238595,1.13907568106766,0.130094031377182,-0.633769236208817
599,-0.232789334887915,-0.18985454127398,0.108679080773533,-0.562122556531395,-0.056119776677213,-0.188869766350366,0.0833146308413086,0.210397666925507,0.159271643661656,-0.208949658207527,0.0163805039732747,-0.576151353383197,0.210342119824019,-0.704695447373255,0.70780300182066,0.0662860064636117,-0.113525355900164
600,0.563164831239382,-0.200544617242008,0.240572604651073,-0.342955639183414,-1.39064806606134,-0.221548113020958,0.0701103573272944,-0.0360055531196923,0.684140987890337,-0.42966664876464,0.130861009395434,-0.407000556871004,0.268137860613254,-0.391284352923636,-0.421690831929845,0.0446036679007481,0.316814806739503
601,0.493382548181647,0.0958483082557043,-0.0724527205156889,-0.180609774481206,-1.99337446757461,-0.185571720576986,-0.144532314169369,-0.230122448199773,0.883470616004365,-0.106224027155729,0.094165020047484,0.398988150720427,0.155339481749505,0.357910099291914,-1.04343630784594,0.662860064636117,-0.086482559573871
602,0.293848832563434,0.155670456540062,-0.330177397778639,-0.365954636682894,-1.48436809311228,-0.102541530037996,-0.265866348340736,-0.0629314450178971,0.459020602663137,-0.217218594453182,0.262911664330827,0.962527383311048,0.752526327562438,0.703928223151836,-0.399930188022656,0.788617628300726,-0.236401342307319
603,0.434776333894876,0.064200851717589,-0.175808744271743,-0.412629072784779,-0.316515540459481,-0.0184287748558342,-0.0382888782997323,0.249534137707781,-0.0149531517305087,0.235028610982286,0.327061012293205,-0.122411760633824,0.160066270959034,0.665183399970182,0.434406928369436,-0.362404801693578,-0.195669339752524
604,0.305024901334399,-0.151080367423846,0.169746373779614,-0.38624786977067,0.664458155858202,0.055714315240384,0.0209018846042602,0.398252726680423,-0.0622819347307425,0.823077192452175,0.10615298664245,-0.703311206550696,-1.27881133523244,0.611861316581569,0.751145189685185,-1.10270178976849,0.303222373506491
605,-0.0414332305655305,-0.312609227178025,0.158065220880146,-0.379483458741411,0.718894339235099,0.154680864363723,-0.029782842300465,0.242959210616359,0.144730046565932,0.243933619246839,-0.149437782057863,-0.770971525155573,-1.15462569145483,-0.0974374761201997,0.720966848134886,-0.039647704800665,1.24538780779078
606,-0.0741436757488441,-0.0477429663995805,-0.0694954666170894,-0.464038596607144,0.0482630079424032,0.227388926909692,0.218579349314506,-0.0056356517926475,-0.0485634469045878,-0.155519608620214,-0.3576257515506,-0.625116057636726,-0.270823536300486,-0.878088121413925,0.224233137216464,1.2160694456829,1.27664604703463
607,-0.237695901665412,0.310676558076461,-0.154516516201826,-0.342279198080488,-0.493292836992702,0.29979487839245,0.461528608929943,-0.145900763076319,-0.752184687508064,-0.105587955136832,-0.349298232770891,0.0523773957621088,0.75209661945248,-0.656743933534574,-0.188323597270856,1.05376165415517,-0.419100893983136
608,-0.924342663471803,0.237386121990577,-0.0547091971240916,-0.451186215651553,-0.345697824331632,0.501302957553785,0.358940659605446,-0.233566457628613,-1.14357314518826,-0.106224027155729,-0.153555785850027,0.428515351164222,1.4296388818274,-0.633727206892007,-0.137101011612782,0.567457774959517,-1.22104129488733
609,-0.631311592037952,-0.146611070126479,0.0360784975629145,-0.717704010204344,0.292945234255052,0.676728781591289,-0.0167777459379488,-0.244211577681392,-0.695252963029522,-0.119899575562005,-0.197664182023873,0.185917498271735,0.607070132341947,-0.0774896463633084,-0.0641177820475194,0.494357319233291,-0.822319702450254
610,-0.00763243720943984,-0.305120134409463,-0.0613630183959406,-0.285458145434716,0.786238071247754,0.564544873452495,-0.201895333800792,-0.269572010748305,-0.165170593426903,-0.0575645177101405,-0.253028455229634,-0.156241919936262,-1.45499166031487,0.637563327999102,-0.00376109894692153,0.0520376125508728,-1.04370879279969
611,0.196535258143076,-0.0665864901398324,-0.0102025259501684,0.264488471244014,0.904089602269901,0.305434284905711,-0.195849721437676,-0.0588612520565405,-0.248441814531662,0.0823713264471072,0.141201774473535,-0.0678086964965545,-1.72785631013765,0.618766334574339,0.120534266251342,-0.569935756509559,-0.808552018618445
612,-0.143380784720191,0.351987360122397,0.229039314446535,0.282075939920086,0.618439938982887,0.130763738526233,-0.248526219857381,0.356924613534342,-0.288774168740557,0.408994308150501,0.387641423635707,0.117960423883503,-0.774978576307698,0.503299089250795,0.244023681675266,-0.707463732536865,0.942468271170676
613,-0.38025892525602,0.356456657419765,0.019813601120617,-0.0798200501452522,0.0830572694822752,0.0261074310457651,-0.25119753694806,0.334068914597493,0.367381103984424,0.100817414995108,0.107983210550079,0.419909433446935,-0.662717332581396,0.0375939868495259,-0.0117310467153981,-0.885258908752347,1.60408983468837
614,0.14583406810894,0.0428206997815339,-0.45512137499447,-0.479596741974439,-0.470844926321817,-0.149544976289146,-0.2256559963442,-0.279904039034826,1.39818827924169,-0.270966680049943,-0.235092260934875,0.494543512960648,0.080033135479517,-0.267377641164485,-0.0701176303676085,-1.21359146413285,0.329886382995961
615,0.565618114628131,-0.272989510595957,-0.38961820114049,-0.748143859836008,-0.736291470005035,-0.25890918117131,-0.191444391498662,-0.608024210073413,1.75651518126085,-0.166332832941456,-0.252936944034252,-0.492911356152197,1.52847174711754,-0.234003387532763,0.0700280803926818,-0.901985284215128,-0.618014736980384
616,0.629130895692398,-0.41032980862587,0.106017552264794,-0.0290869674258123,-0.574105315407889,-0.176634268290345,0.0720318310240986,-0.278025488437277,1.28295298150199,-0.302770280994772,-0.0778760272695907,-0.643069782529687,0.938052804036432,-0.260089011061005,0.113549368207059,-0.112128665139381,-0.945626232395801
617,-0.0201714411963767,-0.324929992700497,0.423922346364245,0.327397493816119,-0.223356711175308,-0.0570234631809624,0.234419791010111,0.0131498541828442,0.496609259306801,-0.0419807532471743,0.0918772401629484,0.135172259318077,-0.415205461246085,-0.469157611397654,-0.020506944258215,0.450992642107564,-0.347464403221495
618,-0.150195460800048,-0.118194794742541,0.311694560912392,-0.536417794620212,0.0684661275461999,0.0106494149781665,0.058171444540444,0.043519755509889,-0.262709041870863,0.322170477571118,0.275357186902701,1.04383846795024,-2.185495447242,-0.336811433202895,-0.227546486288752,0.737819006524874,0.728309471665858
619,0.232516747844721,0.142262564647959,-0.110009845027903,-0.880049874906552,0.162747352363918,0.000151055531605198,0.0272638371491668,0.174079022039556,-0.558754009159282,-0.155837644629662,0.265290955410744,0.979590840853944,-2.33073678840752,-0.266610416943066,-0.388199141307258,1.0673905526804,1.3782055343826
620,-0.0924070076428609,0.244603433166731,-0.242199094295303,-0.346337844698044,0.0117851531022147,-0.115733713131516,0.246089228827288,0.17345283850704,-0.522125646663449,-0.326941017712842,0.134795990796836,-0.521696667137605,-0.532623202291873,-0.113932796880706,-0.130474313468206,0.978802712266416,0.29426934680767
621,0.0095405465117998,0.102340868518772,0.0254323835279561,-0.278693734405457,-0.427071500513591,-0.186201118625341,0.159810373319568,-0.078899125097065,-0.388644760114964,-0.391502327630845,0.0447489745415157,-1.03834848595818,1.54737890395565,0.741138597890653,0.360080449180273,-0.102216738939214,-0.347712995874918
622,0.423055091037522,0.0486489050409388,0.152890026557597,-0.579033584104542,-0.74807662310725,-0.123387193399513,-0.092980580840476,-0.147779313673868,-0.353251061523484,0.059154697757382,0.0851054117047231,-0.164996215545227,1.19029146458127,0.82668409857886,0.580552487449816,-0.797910059113382,-0.558730845659622
623,0.336372411301741,-0.0273593469690196,-0.0598843914466408,-0.356484461241932,-0.570176931040484,0.0214498854879382,-0.174947836833416,-0.0632445367841553,-0.354074170793054,0.564831952780163,0.142848975990401,-0.33919186037445,-0.27619488767495,0.56889676018211,0.463152470320908,-0.0879683450264754,-1.02351445124916
624,0.155102027577545,-0.313092394453416,-0.126718329554991,0.0791436090423264,-0.321005122593658,0.228295260099323,-0.157185921441006,-0.0360055531196923,-0.301806732175404,0.58963876151713,0.146143379024132,-0.0578673777541712,-2.08107637652242,0.308807749121105,0.152324507350322,0.565599288796986,-0.68132842915811
625,0.324651168444387,-0.254508362312248,0.166493394491154,-0.0223225563965536,-0.184072867501259,0.373006459377103,-0.0737658438724341,-0.220416603445769,-0.396052743541087,0.241071295161804,0.278560078741051,0.0630606039628789,-2.01533103569898,-0.353306753963401,-0.0028655991976545,0.2862068690298,0.0215188477015701
626,-0.108217056148129,0.095516130753873,0.297499742199114,-0.548593734472878,-0.00785676873480982,0.304729359091554,0.0293727716944397,-0.312778674491936,-0.253106100392555,0.117037251476971,-0.141750841645824,-0.456558772691243,0.10807158965422,-0.93064298058112,-0.0111041968909112,0.133811003702244,0.256088829275751
627,-0.572160203664793,0.53534934113331,-0.00266152850873959,-1.51455162945102,0.104382784619616,0.0821742091932279,0.109852057202659,-0.0551041508614422,0.146513449983333,-0.27351096812553,-0.72751400328231,0.61532311678602,1.44038158457633,-0.572732881289205,-0.250471279869988,-0.124518572889588,1.19730422717522
628,-0.394433451502123,0.389070448508662,-0.257724677262951,-1.5037285718042,0.244121028545877,-0.16155389105176,-0.0224132876950391,0.232000998797322,0.370673541062701,-0.786503051365622,-1.03480859737313,0.947392838359957,0.398339417930267,0.0590762650492549,-0.164503303940353,-1.09650683589339,1.63838767680879
629,-0.21779704751223,0.158358074509424,-0.0748185236345685,-0.560093233222618,0.267130136983534,-0.393147196924463,-0.164168838046465,0.319979785115875,0.582212623342007,-0.141526024204489,-0.73904441390037,0.233101667825136,-0.258899136249176,0.393202413477184,0.463868870120322,-1.58157172431403,0.531229180034234
630,0.164097400002956,0.0581310628204886,0.071713407041039,-0.328750376021971,0.090914038217085,-0.561926577571338,0.111304878778292,0.0197247812742662,0.86179540523904,0.197500361867388,-0.343350005071098,-0.197936107497601,-0.151364681732402,0.540893076100321,0.76404038607463,-1.13367655914401,-0.0546241431992118
631,0.162461877743791,-0.0650765924042353,-0.0215879534597767,-0.531682706899731,-0.0488242057091753,-0.55084917192029,0.392168094996524,-0.247342495343974,0.980871879570063,0.0422987892566226,-0.388739557980284,0.654198124405489,-0.330982671694486,0.516725513125626,0.154205056823783,-0.322757096892913,-0.141465268386969
632,-0.159463420268654,0.194625818118467,0.00502733162761923,0.209696741907019,-0.250855401747142,-0.477738294623374,0.356597398999588,0.0698194638755773,0.762885108012465,0.217536630462631,-0.447581256610538,0.762068851654932,-0.388993266538699,0.164569595494353,-0.257097978014564,0.800388040663424,-1.4823167474823
633,-0.168186205650871,0.172158539812782,0.091822733551516,0.74949674204186,-0.556708184637953,-0.381264161771521,0.153577300107984,0.224173704640867,0.32622564050596,0.490093490559815,-0.0904130610368456,-0.947689594143311,-0.179295708879616,0.0790240948061462,0.449451324157122,1.32200315694717,-2.55459403590327
634,-0.682557956158477,-0.405618927690807,0.0212922280699167,0.398423809623335,-0.658284980423709,-0.0912123651676056,-0.108164909566441,-0.334068914597493,-0.0366283624958331,-0.117355287486419,0.607542826137265,-0.898576511998105,0.707729257099406,-0.557004784750118,0.652282017366105,0.73162405264977,-0.862385006470201
635,-0.456310710307225,-0.660731249097294,-0.102320984891544,0.0317927318375157,-0.588696457343964,0.277136548651671,-0.224624961677622,-0.553546242744488,-0.217849586679337,-0.181280525385525,0.991981357934622,0.101045344232284,1.22294928093801,-0.521328858454139,0.126981864446065,0.389043103356525,2.01169231541387
636,0.274767739539834,-0.340028970056468,-0.0603279795314308,0.221196240656758,-0.525842307465486,0.374819125756366,-0.144766640229955,0.120227238243147,-0.504840352002494,0.222943242623251,0.730533872729897,0.0323463803856649,0.324214768962661,0.185668261583373,-0.275993022724099,0.726668089549687,3.22390126899643
637,0.426326135555854,0.154462538351584,0.0484989639370326,0.579710025207468,-0.319882727060114,0.193653191517864,-0.0912114190830526,0.627122807815163,-0.882373136978272,0.009859116292897,0.147424535759472,0.102232367365702,-1.22380869715793,0.309958585453234,-0.473540267412406,0.917472668902887,1.29835938759396
638,0.140382327245054,0.410692184082413,0.0857603630593869,0.10958345867399,0.086424456082908,0.0880150230819623,-0.0863374370228664,0.314657225089485,-0.644768927829273,-0.00477054014172435,-0.350945434287756,0.213515786123724,-1.15548510767474,0.266994029053775,-0.0710131301168755,0.941013493628282,-1.60144342225781
639,-0.173637946514756,0.236993548579322,0.1307106223181,0.00135288220585173,0.559514173471814,0.116816277774687,0.0270295110885809,-0.292114617918895,0.0792928596351744,0.0283052048408978,-0.31836744873197,-0.500181872844388,0.477835418272337,0.516341901014916,1.0516749055392,0.750208914275082,-2.40132719640048
640,-0.331738431567439,-0.0674924287811906,0.0609194303111507,0.382189223153115,0.65323420052276,0.120542314220948,-0.0544105112680406,-0.455861611671931,0.522948755933018,-0.497090282767678,-0.0377941236925276,-0.0244823521267647,1.92981912181751,0.238606732861276,1.26946044456094,0.0130094031377182,-1.3027318258396
641,0.0343459674424793,-0.175117939374552,-0.0158213083575076,0.68726416057268,0.372074119369922,0.076635506367704,-0.215205054042069,-0.175331389104589,0.645317667342319,-0.110676531288005,0.0909621282091342,1.14859325947446,1.16450897798384,-0.299984670574788,0.322648559660911,-0.53958048252155,0.211659552641198
642,0.0169003966780454,-0.00295939956177033,0.126126878775271,0.503272180576845,-0.038722645907277,5.03518438683995e-05,-0.146219461805587,0.0438328472761472,0.764668511429865,0.039436465171588,-0.333558307165286,-0.139771973960075,-0.437657709991345,-0.040279271624492,-0.645386669296749,-0.462143559082751,1.69810046668751
643,0.0310749229241479,0.275767722429455,0.180983938594292,0.142729072717358,-0.462988157587007,0.0279200974250275,-0.0428933853902448,0.0851609604222289,0.786892461708236,-0.631619514764304,-0.789558593750915,-1.0441352237336,-0.994344566440817,0.06943379203841,-0.503181309113144,-0.499932777720885,1.94226370937105
644,0.335554650172159,0.243214327249982,-0.0174477980017373,-0.210373183009944,-0.584206875209787,0.225072742091746,-0.0436666613901782,0.102067915800171,0.40250043281938,0.139617808147799,-0.664188256078366,0.657314060130714,0.0547877840195351,-0.599585729038866,-0.087758975428169,-0.755164877375165,0.849334293380267
645,0.0166278096348511,-0.227994558075163,-0.225490609768215,-0.480949624180291,-0.307536376191127,0.335947502289961,-0.0557461698133801,0.153101873700257,-0.115098112861438,0.612855390206855,-0.376385546603792,0.591285898334288,0.54046537529859,-0.454580351190695,0.0540881848557286,-0.406388974206816,-1.15108910360773
646,-0.132204715949226,-0.716537069404963,-0.280347669587237,0.0581739348516245,-0.0101015598018983,0.20573763404628,-0.150015543987078,-0.0463375814062128,-0.235134881340292,-0.284006156437323,0.0743986018450967,-0.461306865224919,0.10807158965422,-0.234003387532763,0.144802309456479,0.50860571314603,-1.69424840396074
647,0.140654914288248,-0.420113945952539,-0.106017552264794,0.570916290869431,0.113923146654742,-0.054455519143674,-0.106899548839277,-0.352541328806727,-0.073942649382974,-0.136119412043868,0.596836016277639,-0.401658952770619,1.07555939922272,0.29845022213195,0.200412843885961,0.725429098774667,-0.773195772011698
648,0.318109079407725,-0.00474107888977491,0.0949278501450455,0.978133834830803,0.276109301251888,-0.269080253632727,0.0846737219927067,-0.315909592154518,-0.0196174375914013,0.304360461042014,1.12522165840997,0.305510078963688,2.03724614930679,0.820929916918218,0.104683920689316,0.211867422528553,-0.211068041748783
649,-0.182905905983362,0.174876355736857,0.139434521318969,0.843522055348556,0.519669132030992,-0.336350317040908,0.221438127253654,0.00657492709142208,-0.230882150114184,-0.27351096812553,1.14864852442762,0.395278703428493,0.944068717575832,0.626822188899237,0.138623361186536,0.102216738939214,-0.074750679458541
650,-0.498016527915949,0.0779711190662346,0.12982344614852,-0.240813032641608,0.590941248411053,-0.372905755689366,0.257149418886941,0.166564819649359,-0.748069141160218,-0.281461868361737,0.668123237479767,0.22835357529146,-0.769607224933234,0.725026889240856,0.155279656522903,0.517898143958686,0.428220505042353
651,-0.222158440203338,0.0320702279040825,0.0947799874501155,-0.221196240656758,0.602165203746496,-0.414597082412401,0.16393451198588,0.155606607830323,-1.15619415398832,0.409948416178846,0.331087504889987,-0.0597962903459769,-1.243145562106,0.257787338396749,0.224591337116171,0.65047015688591,1.04457180570723
652,-0.0534270604660789,0.0607280869257156,-0.0251366581380962,-0.00473508772048107,0.803074004250918,-0.260923254926046,0.038476339148201,0.201004913937761,-1.02792629281377,0.908628878993765,0.120428733121952,-0.457745795824662,-0.854689430704748,-0.565444251185726,0.452137823404924,-0.314703656855278,1.97005505203933
653,0.00572432790707988,0.177654567570355,-0.0947799874501155,-0.271929323376198,0.992758849419898,0.158281021200314,0.0161216329683083,0.0375710119509833,-0.345019968827792,0.0607448778046234,-0.109721923262326,0.0955553622402212,-0.384266477329171,-1.14393131413557,0.45983912124862,-1.55307493648855,0.721919324488553
654,0.386255840206295,0.266104376921634,-0.112819236231573,-0.19481503764265,0.801951608717374,0.53574361875977,0.0595891172069885,-0.0754551156682248,0.633794137568349,-0.855198829406452,-0.00521613813674109,0.520064510329154,0.58698127820145,-0.543578360875287,-0.118743266752808,-1.14172999918165,-1.34320957861313
655,0.665112385394043,0.1752387311934,-0.212922280699167,-0.10958345867399,0.324372309194291,0.561825873883601,0.0515985985410101,0.304325196802965,1.0585185206661,-0.357472474619878,0.0614040121009346,0.227760063724751,1.0235647179179,-0.357142875070496,-0.644759819472262,0.61887589212288,-1.13832806756068
656,0.244237990702075,0.299080543467075,-0.200797539714909,0.10958345867399,-0.043212228041454,0.354275573458059,0.00835372405988652,0.597379090020635,0.760415780203757,-0.18414284947056,0.195101868553193,-0.520064510329154,0.106889892351838,-0.0744207494776328,-0.498882910316663,1.52148067172552,0.285301555406385
657,-0.316746144191753,-0.0216519335284625,-0.0341562825288248,0.439686716901813,-0.359166570734163,0.19206710843601,-0.0872044434470341,0.166564819649359,0.274781311157879,-0.175873913224905,0.24698871633446,-0.350913713816961,-0.643702748715793,0.359828159845462,0.0587447835519172,0.804105012988486,0.48735273719108
658,-0.385710666119906,-0.541630515713394,0.0483511012421026,0.514095238223659,-0.365900943935429,0.109263501194427,-0.119225099626094,-0.507834844870791,-0.0661231113220658,0.248386123379115,-0.304091702252468,0.732244895427782,-0.0446896434355424,0.322234172995936,0.63177507310789,-0.418159386569513,-0.323989368856618
659,0.0114486558141598,-0.209211430244335,0.0243973446634463,0.0338220551462933,-0.126830695290501,0.164348418386456,-0.0420146626630477,-0.512218129598406,-0.131423113374562,0.392774471668638,-0.948422028933065,1.16135375815871,0.717397689573442,0.543961972985997,0.311186162870293,-0.389043103356525,-1.52129516076932
660,0.409153151834614,0.220626257125449,-0.0726005832106189,0.0649383458808832,0.151523397028475,0.298586434139609,-0.0353129373302917,-0.0729503815381593,-0.107827314313576,0.21944484651932,-0.727697025673073,0.0326431361690197,0.000429708109957138,0.489872665375964,-0.560582843041161,0.528429565546363,-1.00759826248017
661,-0.398794844193231,0.294852829807403,-0.222533355869616,0.789406767114486,0.395644425574352,0.234941703489952,-0.0106266868475695,0.100815548735139,-0.176145383687827,0.0327577089731739,-0.101211382091854,-0.762217229546609,-1.00938435028932,-0.393202413477184,-0.975020127001943,-0.232930265703907,0.700119321545194
662,-0.83248082991533,0.213922311179398,-0.178322410085553,0.650059899911758,0.167236934498095,-0.00095668503349959,0.154280278289741,0.110208301722884,-0.0814878176873591,0.049295581464485,0.134155412429166,-0.80213088240782,-0.0431856650506924,-0.341031166420699,-0.399392888173095,-1.70299282026606,1.02948372416333
663,-0.458763993695973,0.0392573411255248,0.12878840728401,0.416687719402334,-0.289016849887647,-0.214700262254855,0.192897213074294,0.0607398026540897,0.0484262620263262,0.117673323495867,0.211665394917231,-0.69693095720857,1.05751165860452,-0.306889688567558,0.31100706292044,-0.727287584937198,0.332638074174515
664,0.198988541531824,-0.067824606283022,0.141948187132778,0.87396190498022,-0.810369575218956,-0.291134361247086,0.125692498898264,-0.00751420239019666,-0.188492022731366,-0.384505535422983,0.299516142483397,-0.564429499940685,0.16973470343307,-0.142703705183914,0.431183129272075,1.29536485528423,-0.113453739068925
665,0.72480894785359,0.0282954835650898,-0.32855090813441,0.310486466242973,-0.90914038217085,-0.223159372024746,0.0125364442413444,0.02254260717059,-0.482753586602385,-0.633209694811546,0.129488341464713,-0.183691829896574,-1.14560182114573,0.164185983383644,0.069043030668488,1.16031486080696,-0.236928779205623
666,0.454402601004865,-0.120006672025258,-0.527278370120299,0.387600751976521,-0.470844926321817,-0.183935285651263,-0.217313988587342,-0.103946466397721,-0.483713880750216,-0.117037251476971,0.102584050022575,0.893680041572752,-0.496205439973005,0.436550581987351,-0.239635732903857,-0.452851128270095,-0.337061948149927
667,0.0335282063128964,-0.367931880210303,-0.045985298123223,1.03089624085902,-0.00729557096803769,-0.182097443350067,-0.303217922398125,-0.369135192418411,-0.135264289965886,0.174601769187111,0.195193379748575,1.5199831223429,0.492338066983391,0.231701714868506,-0.318977010688916,-1.08039995581812,0.426553457794177
668,-0.38407514386074,-0.27552613879176,0.447580377553041,1.08298220578431,0.277792894552204,0.00438061041655075,-0.169792663500526,-0.195369262145113,0.176968492957396,-0.00731482821731068,0.08876585951998,-0.0342752929774706,0.34537789337805,0.1177689179878,-0.57473173907958,-0.441080715907398,0.805032562911826
669,-0.0438865139542791,-0.228779704897674,0.445953887908812,0.38286566425604,0.204837184871827,0.239070554687161,0.0905904550225,0.217285685783187,0.0783325654873435,0.0359380690676568,0.155752054539181,-1.59951367228196,0.3408659582235,-0.323001397217355,-0.68828110728664,0.0272577970504572,-0.106571421769036
670,-0.270133759805531,-0.395351623088746,0.107052591129304,-0.301692731904936,0.0224479106708852,0.136831135712376,0.364751945907976,0.168443370246909,-0.307842866818912,0.051521833530623,0.280207280257916,-0.805395196024721,0.0851896327990026,-0.832054668128792,-0.0513121356330008,-0.120801600564526,-1.26420598278024
671,-0.348911415288678,-0.172702102997597,-0.0791065417875379,0.310486466242973,-0.0959648181180342,-0.117118388837897,0.445781897658572,-0.187541967988658,-0.400579844523718,-0.373056239082844,0.121069311489622,0.204909868406437,-1.04032333420623,-0.282722125592863,0.420347582305944,-0.00867293542514546,-1.31179285954666
672,-0.195444909970299,0.55540078306204,-0.0514562178356321,0.390982957491151,-0.318199133759798,-0.138089931809086,0.281753655248459,-0.331877272233686,0.18615987980092,0.0206723406141389,-0.092426307335237,0.373763909135275,-0.857589960446958,0.425425830776777,0.209099191453852,0.735960520362343,-0.787071783823533
673,-0.236060379406246,0.323842866330867,-0.0987722802132249,0.100113283233028,-0.351870999766126,-0.071977960809877,0.107274470536215,-0.0945537134099747,0.714321661107877,0.588366617479337,-0.193363155840946,0.328360274282002,0.597831407977868,0.140402032519658,-0.0920573742246507,1.43660980363659,0.234632707486763
674,0.0427961657815019,-0.15844866837356,-0.109418394248183,0.669676691896608,0.012907548635759,-0.155939660460433,-0.0996354409611149,0.385102872497579,0.45394476216746,0.277327400238909,-0.228686477258175,-0.434005333156284,1.28740549743159,0.393969637698603,-0.0821173270077867,1.12810110065642,0.428512990588423
675,0.445952402665842,0.0530880043835942,0.00694954666170894,0.264488471244014,0.436050664781945,-0.233632555549373,-0.465465286747786,0.522550157884926,-0.0979500030787448,0.0241707367180701,-0.149163248471719,-0.227908441616428,0.381258520559471,0.018029769203344,-0.0791621778352055,-0.107792197426808,0.472689943272464
676,-0.272859630237474,0.407913972248914,-0.0331212436643149,-0.378807017638485,0.715527152634466,-0.252363441468418,-0.736533673633529,0.159050617259163,-0.388507575236702,0.00349839610393119,0.0260806906837055,0.63728304475427,-0.661213354196546,-0.164953207605062,-0.434496478344363,-0.898268311890065,1.04233864445973
677,-0.476754738546796,0.549240400300803,-0.124648251825971,0.240136591538683,0.723945119136048,-0.311577209857656,-0.546823294983203,-0.183471775027302,-0.424998752854274,-0.586140365413199,-0.18137518924598,-0.0835367530143548,-0.737916251823895,-0.274282659157255,-0.542045998231333,-0.504888740820968,0.846707139257269
678,0.38216703455838,0.446325770642505,0.097737241348715,0.443068922416443,0.378808492571188,-0.293148435001822,-0.220313362162842,-0.217598777549445,-0.391800012314979,-0.354292114525395,-0.0883998147384543,-1.02410420835715,-0.118277157265702,-0.202930806565298,0.0111041968909112,0.287445859804821,0.0624065456486942
679,0.947239975100123,0.0222860905774133,0.425400973313545,0.725144862336529,-0.09484242258449,-0.19380424704947,-0.0777259542963354,-0.00876656945522944,-0.334868287836437,0.0451611133416572,0.391301871450964,-0.888635193255721,0.612011775606454,0.229783654314959,0.566493141386323,0.446656174394991,-0.15618736184428
680,0.155102027577545,-0.204138173852729,0.511604924457722,0.480273183077365,-0.48992565039207,-0.1782203513722,0.143079492593737,0.255795973032945,-0.233488662801154,-0.102725631051798,0.513560828480544,0.150306804269168,0.565281018648615,0.221727799990061,0.390975190529985,-0.161068800752701,-0.326731109909599
681,-0.508102248514138,-0.218753983933309,0.208782125241128,-0.0818493734540298,-0.647061025088266,-0.146876328564121,0.405102893540864,0.053225600263893,-0.189863871513982,0.71049244510748,0.149346270862482,0.413825939888163,0.245255903758037,0.105876942555807,-0.167637553062788,-0.908180238090232,-1.30337176335124
682,-0.335282063128964,-0.345223018266922,-0.0820637956861374,0.41398195499063,-0.427071500513591,-0.0401304195631144,0.476338015958971,-0.426430985643661,-0.147610929009425,0.386731787489121,-0.177897763821486,0.437714780448218,0.0590848651191065,0.238223120750567,-0.512584056480448,-1.12314513755634,-1.64006395199601
683,-0.241512120270132,-0.226726243977261,-0.163092552507765,1.07960000026968,-0.0101015598018983,-0.0818469222080833,0.375343483846458,-0.359742439430665,-0.239661982322923,-0.76646678277038,-0.106061475447069,1.1103117634217,-0.621680208080489,-0.352539529741982,-0.621745475916099,-0.482586906870594,-0.462173703700395
684,-0.234424857147081,-0.00338217092773752,-0.220167552750736,0.75287894755649,0.313148353858849,-0.220138261392642,0.201520412103854,-0.0882918780848108,-0.470406947558846,-0.616353786310786,0.0312968288204466,0.463977667275111,-0.546373861810501,-0.515191064682788,-0.432526378895976,0.325854573830465,1.19347342882971
685,0.0714178053169013,-0.0733810299500194,-0.19665738425687,0.228637092788943,0.375441305970555,-0.263340143431729,-0.0526882147227345,-0.25141268830533,-0.387547281088871,-0.275737220191668,-0.0730259339143753,-0.17716320266277,0.709770370621703,-0.325686681992321,0.428317530074421,0.44479768823246,1.44931723626323
686,0.318654253494113,-0.132357635502442,-0.0470203369877328,0.426157894843296,0.203714789338283,-0.159564993218958,-0.197161947376957,-0.373205385379768,0.105083616748345,-0.348567466355326,-0.188238528899587,0.37124148497676,0.627481267564911,-0.294997713135565,0.809173573437688,0.542677959459102,0.418911119410721
687,0.108489643191323,0.0481959357202596,0.189412112205301,0.471479448739329,0.262640554849357,0.106242390562323,-0.140408175503058,-0.136821101854831,0.573569976011529,0.233756466944493,-0.225666607810588,0.607310710635443,-0.0606962705314457,-0.112781960548578,0.144712759481552,0.839416250076578,-0.663012976238918
688,-0.256504407645817,-0.0590973973712707,0.384147281428081,0.308457142934195,0.446713422350616,0.495260736289577,-0.23095176531344,0.226678438770933,0.57274686674196,0.24934023140746,-0.328342169028545,-0.538611746788824,-0.257932293001772,0.313411094449619,-0.728757695953509,0.362404801693578,-0.45838784140586
689,0.0188085059804053,-0.261635079624267,0.298682643758554,0.182639097789984,0.396205623341124,0.824964609939857,-0.149968678774961,0.419229875019722,0.171481097826934,0.250612375445253,-0.383157375062017,-1.66183238678646,0.0352360650164853,0.184517425251244,-0.450257273931463,-0.503649750045947,0.592497479463174
690,-0.13247730299242,-0.378319976631211,-0.125535427995551,-0.0777907268364746,-0.0398450414408212,0.914389484650134,0.117866008474696,0.365691182989571,-0.263532151140432,0.330439413816774,-0.0488669783336797,-0.674525895565288,0.277913720114779,-0.170323777154995,0.326857408482466,-0.477011448383,1.35828080913792
691,0.0209892023259595,-0.220143089850058,-0.411058291905337,-0.104848370953509,-0.631347487618646,0.795357725745238,0.124474003383218,0.226678438770933,-0.468897913897969,0.199408577924078,0.242321645370007,-0.425102659655642,0.190468119738501,0.179530467812021,0.156354256222023,-0.0706224741761845,1.00755773979134
692,0.286216395353994,0.334593338208319,-0.395384846242759,0.617590726971316,-0.774452918145539,0.491031181404632,0.0351489090878816,0.104885741696495,-0.628443927316148,-0.348885502364774,0.163438994951221,-0.0054899819920624,-0.0184774487281569,0.126591996534118,-0.202472493309276,-0.452851128270095,-0.0951630410992422
693,0.14583406810894,0.527135497451662,-0.142835363302358,0.289516792052271,-0.42145952284587,0.0949635775358014,-0.0442056113295257,-0.175331389104589,-0.531317033506973,-1.17482501890198,-0.123174068983395,1.79596600086279,0.277269157949843,-0.0364431505173975,0.013880246113639,-1.26500958129622,-1.22138553713497
694,-0.450858969443339,0.212533205262649,0.213809456868747,-0.0602032581604021,-0.122902310923096,-0.108055056941585,0.02472139939181,-0.362560265326989,-0.0511699595915572,-0.318990117476635,-0.0660710830653872,1.01698206955664,0.690433505673631,0.269295701718032,0.238382033254883,-1.51032975475033,-2.45890391899899
695,-0.357634200670895,-0.242821753838727,0.265857125484099,0.588503759545504,-0.0998932024854391,-0.122959202726631,0.263382492098526,-0.225112979939642,0.150217441696394,0.218490738490975,0.236281906474833,-0.339340238266127,0.00741246489676063,-0.245128138743337,-0.0976094726701063,-0.861718084026952,-1.66686188696597
696,0.867917145530587,-0.375179389341169,-0.0161170337473675,0.0209696741907019,-0.230652282143345,-0.138820033545177,0.245198789797062,0.0682540050442864,0.0411554634784642,-0.148204780402903,0.201416141034511,0.0097929408507059,-1.74504463453594,-0.419288037005426,-0.436735227717531,0.312845170692747,0.848989248703148
697,0.686646761806391,-0.0320400299493706,-0.0437673576992733,-0.522888972561695,-0.339524648897139,-0.230812852292743,0.119928077807852,0.340956933455174,0.18615987980092,0.29386527273022,0.112375747928387,-0.213664164015401,-1.44725691433564,-0.245128138743337,-0.775860982764955,1.09526784511837,1.33846200458481
698,-0.209892023259595,0.300771628930944,0.306815091979703,-0.185344862201687,-0.39003244790663,-0.330811614215384,0.206863046285212,0.439580839826505,0.546956109628789,0.81290004014983,0.17368824883394,-1.56034190887914,0.602343343132418,-0.595365995821063,-0.61493967782167,0.79481258217583,0.534679225590688
699,-0.468304540207773,0.461545539817323,0.224159845513846,0.125818045144211,-0.328861891328468,-0.340479168238117,0.118194064959516,0.278025488437277,0.758495191908095,0.330439413816774,0.108989833699274,-0.502259163327871,2.2907739341815,-0.137333135633982,0.0558791843542627,0.0123899077502078,1.17618267835861
700,-0.448678273097785,0.860037750196112,-0.19902318737575,0.173845363451948,-0.0185195263034803,-0.231920592857848,-0.257992992705051,0.0964322640075239,0.614999809246517,-0.546067828222714,-0.27462509733965,1.53007281897696,1.96462547872404,0.195642176461818,0.374497995143472,-0.50860571314603,1.00635329313935
701,-0.303116792032039,0.575814600447312,-0.267927203213119,-0.0459979949989589,0.373757712670239,-0.0827784313196487,-0.222797218405052,0.186915784456142,0.00850546245221593,0.0753745342392448,-0.315347579284383,1.19132609227754,-0.0598368543115315,0.0272364598603708,0.0926842240491376,-0.971368767616291,-0.387349922916073
702,-0.152376157145602,-0.080839924763869,-0.140173834793619,-0.0121759398526656,0.381614481405048,-0.079278978170795,0.0134503158776293,0.262370900124367,-0.274781311157879,0.243933619246839,0.156575655297614,0.346313999174963,-1.92165466772832,-0.122755875427023,-0.231844885085234,-1.2941258645092,-0.251618935969564
703,-0.0288942265785937,-0.344860642810379,0.0122726036791881,-0.370013283300449,-0.168920527798411,-0.236049444055057,-0.182493135984281,0.159050617259163,0.0592638674089885,-0.159654076743042,0.505141798505453,-0.472583584992398,-1.54179269852621,0.358677323513333,-0.258620327588318,-0.630026809098067,0.351586804440644
704,-0.149377699670465,-0.353799237405114,0.138843070539249,-0.62029649138302,-0.555024591337637,-0.254478218910891,-0.435096629295856,0.0817169509933887,0.361070599584393,-0.374646419130086,0.419761853214586,-1.39059760080024,-0.235802325338979,0.126208384423408,-0.256471128190077,0.313464666080257,-0.79701589117517
705,0.163824812959762,-0.18768028853472,-0.0419930053601136,-0.0933488722037696,-0.249733006213598,-0.119258342202304,-0.276692212339804,0.030682993093303,0.210167233496691,-0.767738926808173,0.173322204052415,-1.79715302399621,0.843946727955819,-0.18029769203344,-0.0505957358335872,0.216203890241126,-1.64540131169336
706,0.604052887718524,-0.0494038539087373,-0.186602721001631,-0.609473433736206,0.319321529293342,-0.0384688087154572,-0.109477135505722,-0.153414965466515,-0.203445174461875,-0.618262002367476,-0.0524359149535552,-0.706872275950953,1.05794136671447,-0.266226804832357,0.277515372297853,-0.325854573830465,-0.440485639669729
707,0.27831137110136,-0.123630426590691,-0.0462810235130829,-0.572269173075283,0.737975063305351,-0.130939969979773,-0.201895333800792,-0.444903399852894,-0.327460304410313,0.0165378724913111,-0.354148326126106,0.968314121086465,0.539391105023697,-0.417753588562588,0.125011764997677,-0.359307324756026,0.832127798004747
708,0.215343764123481,-0.279995436089127,0.0252845208330261,0.0595268170574762,0.764912556110413,-0.358706535718478,-0.0826350852656095,-0.383850505432546,0.0770979015829896,0.392138399649742,-0.629414001833425,1.84997555343335,-0.359558261006635,0.174159898262089,-0.0473719367362259,-0.214345404078595,0.725320020631884
709,0.159190833225459,-0.57267401315727,-0.0322340674947351,0.0689969924984384,0.378808492571188,-0.452965187440122,0.241730764100391,-0.056356517926475,0.247207150627308,0.146614600355662,-0.644055793094453,0.599446682376543,-0.543365905040801,0.380159601713062,0.0935797237984047,-0.38098966331889,0.354005928720518
710,-0.368265095355472,-0.524719661074706,-0.072156995125829,0.241489473744534,0.0858632583161359,-0.212283373749172,0.259773870765503,0.030682993093303,-0.0725708006003585,0.39245643565919,-0.532778179510643,-0.201200421114503,-1.14216415626607,-0.00153444844283779,0.407631485866352,-0.601530021272589,-0.229098190865766
711,-0.104400837543409,-0.0810513104468527,-0.274876749874828,0.110259899776916,0.0106627575686705,0.145693060233214,0.0216751606041936,-0.0729503815381593,-0.157213870487733,-0.270012572021598,-0.52875168691386,-0.449139878107375,-1.10563896691972,-0.0153444844283779,0.0459391371373986,-0.578608691934704,0.385065045088483
712,0.330920670437856,0.42059711322793,-0.430576167636094,-0.156934335878801,0.18968484516898,0.277841474465828,-0.10652462714234,-0.152788781933999,0.241994125253369,-0.514900299296782,-0.00896809714737943,-0.334295389949097,0.570330088940611,0.156897353280164,-0.372438345720158,-0.374794709443786,2.06712494643734
713,0.214526002993898,0.413832771372455,-0.176252332356533,-0.512065914914881,0.482630079424032,0.269382364695937,0.00166371503015973,-0.160616076090454,0.546681739872266,0.773145538968794,0.610562695584852,0.641882759396268,1.93970240834652,-0.184901037361954,-0.347901652590241,-0.133811003702244,1.22636782178668
714,-0.262501322596092,0.0292920160705839,0.160726749388885,-0.776554386158895,0.723945119136048,0.242997998508896,0.0895008388407757,-0.0309960848595612,0.456825644610953,0.798588419724657,0.55062286261002,0.305213323180334,1.1198193345483,-0.538975015546774,-0.195666695214846,0.244700678066604,-1.07648924077027
715,-0.564527766455354,-0.173306062091836,0.304449288860823,-0.270576441170347,0.728995899036997,0.153975938549566,0.00766246218115818,0.113339219385466,-0.0117978995304931,-0.622396470490304,0.308209706044632,-0.436379379423122,-0.538531688803783,0.0502531865029376,-0.0471928367863725,0.790476114463258,-1.20479972096353
716,-0.133022477078809,-0.0470182154864939,0.317904794099451,-0.148140601540765,0.487680859324981,0.0426480117565343,0.098042023749131,0.187855059754917,-0.310449379505882,-0.914671563173283,-0.0625021464455117,0.0097929408507059,-2.03552731686696,0.327988354656578,-0.155727406397537,0.76197932663778,0.289110166576725
717,0.257594755818594,0.107474520819802,0.158804534354796,-0.236754386024053,0.0179583285367082,0.09579438295963,0.255790327735543,0.172200471442007,0.0294947488262327,-0.0973190188911768,-0.619256259146088,0.041397431777984,-1.62730461240768,0.440386703094446,0.181070049301794,-0.0464621540632792,0.556995190690763
718,0.0130841780733254,0.267191503291264,-0.0657988992438399,-0.43359874697548,-0.52415871416517,0.29727728619903,0.227296278768301,0.0751420239019666,0.196723115427059,0.0146296564346214,-0.456549353757918,0.403439487470747,-0.272005233602868,0.356375650849077,0.954244532818947,-0.582325664259767,-0.707548614901266
719,0.125662626912563,0.161800641346586,-0.0535262955646518,-0.432922305872555,-0.80363520201769,0.410367527527456,0.163231533804122,0.165938636116843,-0.065437186930758,0.521261019485748,0.207913435906592,-0.0210696606181854,1.15935248066436,-0.215973618329419,0.719981798410692,-0.0712419695636948,-1.31190800817728
720,0.287579330569965,0.235030681523046,0.120803821757792,0.0588503759545504,-0.824399519388259,0.385493716656466,0.0898640442346838,0.464001997594644,-0.309351900479789,0.553700692449473,0.510815492619102,-1.66479994462,1.4597184495244,0.091683294459558,0.0448645374382782,0.485064888420635,-1.06515813405956
721,-0.0218069634555424,0.262722205993896,0.0955193009247654,0.090643107792066,-0.72731230573668,0.326481355642702,-0.0160747677561912,0.347531860546596,-0.250362402827324,-0.519352803429058,0.190251775197978,-0.148081135894007,0.541324791518505,-0.148074274733847,-0.310022013196246,0.0867293542514546,-0.0757030027673908
722,0.19871595448863,-0.0191757012420832,-0.0802894433469777,-0.104848370953509,-0.432683478181312,0.223965001526641,-0.135440463018637,-0.163746993753036,0.150217441696394,-0.757879810515276,-0.113016326296057,1.35736095306451,-0.44592959110802,-0.364431505173975,-0.431899529071489,-0.248417650391666,1.07232061961297
723,0.212345306648344,-0.408397139524305,-0.0378528499020742,-0.24216591484746,-0.0420898325079097,0.150300253947172,-0.136096575988277,-0.166564819649359,0.466154216332738,-0.391820363640294,-0.228503454867412,0.130275788892724,-1.49839217942054,-0.112398348437868,-0.27106777410313,0.382848149481421,1.77749243838952
724,-0.270951520935114,-0.275042971516369,0.0416972799702536,-0.110259899776916,0.202592393804739,0.171020037699019,0.00451077666627813,0.00970584475400403,0.562595185750606,0.0117673323495867,-0.496356723748837,0.143629799143686,-1.3394001787364,0.407012449462724,0.207666391855024,0.934818539753178,1.1639781271571
725,-0.221068092030561,-0.102884431703587,-0.101433808721964,-0.472832330945181,0.106066377919933,0.11767225912045,0.0228233583010644,-0.246716311811457,0.393034676219333,-0.148522816412352,-0.309216329193827,0.335334035190838,-0.348063569065282,0.570047596514239,0.303305765076743,0.799768545275913,-0.00936545940381186
726,0.102765315284244,-0.0627211519367038,-0.218245337716647,-0.725821303439455,-0.27667049901866,-0.09705317905634,-0.154327143501859,-0.369761375950928,-0.0705130274264353,-0.297363668834151,0.488578272141416,0.183246696221542,0.620713364833086,0.477213465722553,0.169876302435956,0.231071779541375,-0.744325161690575
727,-0.106036359802575,0.212352017534377,-0.00621023318705905,-0.313868671757602,-0.485997266024665,-0.279754844532827,-0.244542676827421,-0.101441732267655,-0.55408972329839,0.0206723406141389,0.742155794543338,0.043029588586435,1.1378670751665,0.513273004129241,0.187159447596809,-0.272577970504572,-1.22934684123739
728,0.0795954166127297,0.43738717604777,0.387252398021611,0.265841353449866,-0.262079357082585,-0.312684950422761,-0.075359261084418,0.13525564302354,-0.487829427098062,0.282097940380633,0.37565345704074,-0.224495750107849,0.809999787269205,0.0260856235282424,0.272858773601664,-0.322137601505403,-2.00837386829241
729,0.0329830322265079,0.23167870855002,0.436490675433293,0.0879373433803626,-0.00897916426835408,-0.325172207702124,0.111632935263112,0.207579841029183,-0.10906197821793,0.198136433886285,0.239118753531658,0.15297760631936,-0.431212088341988,-0.287709083032086,0.241964032251952,-0.344439435455777,-1.87728216751567
730,-0.313202512630228,-0.110252732653301,0.201832578579419,-0.0338220551462933,0.106627575686705,-0.308858210288762,-0.0267600361189072,0.0738896568369339,0.0201661771044475,0.488185274503125,0.171217446558642,0.38415036155269,-1.4567104927547,-0.193724115908271,0.255486078465884,-0.594715572009974,-0.47989576001789
731,-0.505648965125389,-0.326500286345518,0.078810816397678,0.364601754477042,0.025815097271518,-0.23121566704369,-0.165809120470567,-0.154667332531548,-0.0764119771916819,-0.0311675289259324,-0.115487128571355,-0.319457600781361,-0.869621787525758,-0.240908405525533,-0.0775502782865248,-0.391521084906566,1.05222136595602
732,-0.459036580739167,-0.0841918977368946,0.240720467346003,-0.35513157903608,-0.111117157820882,-0.0629901566793677,0.046689467571736,-0.24452466944765,-0.183278997357427,-0.734027109806654,-0.463412693411525,-0.833883751226775,0.298110001282764,-0.0406628837352014,-0.354528350734817,0.526571079383831,2.15430489747374
733,-0.171729837212396,0.364187333826022,0.294690350995445,-0.486361153003698,0.0752005007474654,0.147304319237003,0.124286542534749,-0.231061723498547,-0.33157585075816,-0.0445250413227606,-0.346278363323304,-1.01638855798993,0.74779953835291,0.212137497222324,-0.208920091503998,1.29846233222178,2.52792208236193
734,0.38407514386074,0.545737437554218,-0.106165414959724,0.118377193012027,-0.0998932024854391,0.208154522551963,-0.0967766630219672,-0.196934720976404,-0.34488278394953,0.16188032880918,-0.240491421462379,-0.261293467243835,0.30025854183255,0.299601058464078,0.131280263242547,1.01473344474202,0.598881207204626
735,0.21779704751223,0.253300444123771,-0.512196375237442,-0.145434837129061,-0.369268130536062,0.140255061095427,-0.0976202368400764,0.0475899484712455,-0.122094541652777,0.232166286897252,-0.474760081638821,0.706575520167598,-0.0919575355308275,0.44460643631225,0.671266612050566,0.293021318292414,-2.03146618391601
736,-0.108217056148129,-0.449224774294851,-0.428949677991864,-0.713645363586789,-0.306413980657583,0.0897269857734878,0.0743516590238988,0.336260556961301,0.149119962670302,-0.119899575562005,-0.460392823963938,0.544101728780887,-0.18617103863893,0.174159898262089,1.01907871466588,0.298596776780008,-2.29347947041937
737,0.171457250169202,-0.815344777222437,0.0958150263146253,-0.0081172932351104,-0.0291822838721508,0.116136527882463,0.122411934050062,0.244837761213908,0.513620184211233,-0.497726354786574,-0.0135436569164506,0.029082066768763,-0.27619488767495,-0.0080558543248984,0.445152925360641,0.501171768495906,-0.694623080810473
738,0.0839568093038382,-1.04074231119237,0.383260105258501,0.947693985199139,0.440540246916122,0.170063352665519,0.146594383502525,-0.101754824033913,0.535021025220035,0.582960005318716,0.216423977077065,0.204316356839728,-0.449904391125124,-0.0686665678169911,-0.328648407981,0.0340722463130714,0.651453578340673
739,-0.0678741737553757,-0.850615988325986,0.107644041909024,0.391659398594077,0.723383921369276,0.093654429595223,0.230858034889206,-0.159989892557937,0.0503468503219879,0.535890675920369,-0.0028368470568241,0.468874137700464,0.0767028976273491,-0.0487187380600998,-0.778010182163196,-0.629407313710556,0.768148891786714
740,-0.127843323258117,-0.394385288537964,-0.210112889495498,-0.0730556391159936,0.788482862314843,-0.153422068267013,0.0329110952092864,0.22887008113474,-0.360384675193085,-0.527939775684162,0.00466707096445256,0.711323612701274,0.950944047335146,-0.0126591996534118,-0.835322166116286,-0.678347449323877,0.543272041695186
741,-0.186449537544887,-0.00682473776489892,-0.1292319953688,0.896960902479699,0.498343616893651,-0.412482304969928,-0.32885319342622,0.488423155362783,-0.367243919106162,-0.646885243217822,0.0883998147384543,0.27167991966125,0.754997149194692,0.43770141831948,-0.463510670220615,0.0569935756509559,0.141032959503717
742,-0.074961436878427,0.468551465310494,0.224455570903706,0.69064636608731,-0.119535124322464,-0.562933614448706,-0.32735350663847,0.14746622190761,-0.097264078687437,-0.661196863642995,-0.169661756237158,-1.00867290762271,0.225059622590051,0.553935887864442,0.0920573742246507,0.983139179978989,-0.385244989899748
743,0.294394006649822,0.634157048950785,0.203163342833789,-0.168433834628541,-0.441101444682894,-0.539469655206032,-0.103665849203192,-0.375083935977317,0.0246932780870785,-0.160290148761938,-0.0655220158930987,-1.15274784044143,-0.0904535571459776,0.246662587186175,0.335096006175723,1.16712931006957,-0.286565020746754
744,-0.0572432790707988,0.59707396056452,-0.182758290933452,0.30439849631664,-0.324933506961063,-0.36555438648458,-0.022050082301131,-0.40576692907062,-0.311821228288497,0.541615324090438,0.626760177167364,0.0381331181610821,-0.224952195562562,0.291161592028471,0.2142930899996,0.443558697457439,0.46705809195534
745,-0.653118555493495,0.559386913084016,-0.349103822729677,0.759643358585748,0.078006489581326,-0.191563589997326,0.140173849442472,0.0688801885768028,-0.72076935038617,0.649747567302857,0.729161204799176,0.817413805250588,-0.321851374357896,-0.420438873337554,0.205696292406637,-0.512942180858603,0.767185976408706
746,-0.181270383724196,0.550931485764672,-0.0894569304326363,0.333485463742452,0.387787656839542,-0.0198134505622152,0.364705080695859,0.297750269711543,-0.64627796149015,0.449702917359882,0.0772354489019208,0.607162332743766,-0.422725353170335,-0.82668409857886,0.301693865528062,-1.10022380821845,0.139773064974542
747,0.528546276753709,0.631016461660743,0.19296081688362,-0.203608771980686,0.285088465520242,0.194559524707496,0.461341148081475,-0.0407019296135653,-0.17463635002695,0.123079935656488,-0.707381540298398,-0.00875429560896436,-0.107641881544263,-0.282338513482153,0.413810434136295,-1.17642174088223,-0.543185780525906
748,0.258412516948177,0.263930124182374,0.13204138657247,-0.551975939987507,0.0830572694822752,0.267267587253464,0.29351682348987,-0.397313451381649,0.494551486132878,-0.428712540736295,-0.697040775220297,-0.856140434978379,0.474720034475148,-0.509053270911437,0.259157627437879,-0.768793775900394,-0.511561633438422
749,0.240694359140549,-0.137370495984625,-0.0693476039221594,0.272605764479124,-0.0297434816389229,0.100653335892931,0.0910005256285253,-0.42142151738353,0.808430487595298,-0.775053755025483,-0.266663623341466,-1.08122969665294,-0.206797027916873,-0.39550408614144,-0.116952267254274,0.19142407474071,0.303855851460798
750,-0.227065006980835,-0.252696485029532,-0.149932772658997,0.602709022706947,0.156012979162652,-0.148714170865318,0.0327119180577884,-0.315283408622002,0.177517232470442,-0.404541804018225,-0.0611294785147904,-0.0235920847767006,-0.997352523210517,0.275817107600093,-0.598731132359936,0.80968047147608,-0.00454010989798073
751,-0.369355443528249,-0.179496642807784,-0.106904728434374,-0.112289223085694,0.51125116552941,-0.258304959044889,-0.117022434656587,-0.109895209956626,-0.401951693306334,-0.298953848881393,0.496082190162693,0.776609885039313,-0.655519721739614,0.6943379203841,-0.659356465385314,0.437363743582335,-0.338544516860267
752,0.0348911415288678,0.108591845144144,-0.0825073837709274,-0.192109273230946,0.62966389431833,-0.0987147899039971,-0.312309773548857,0.128680715932118,0.0337474800523406,0.248704159388563,0.940735088521025,0.504039698027999,0.092494670668274,0.519027185789882,-0.314141312042874,0.119562609789505,0.479234959339732
753,-0.123481930567009,0.123419040907707,-0.162944689812835,0.0784671679394005,0.289016849887647,0.192192988045681,-0.377733609664434,-0.0131498541828442,0.501959469559002,0.545431756203818,0.576429019707582,-0.214406053473788,0.525962726587537,0.411615794791237,0.259784477262365,0.212486917916064,0.399270494324019
754,0.642760247852112,-0.521216698328121,-0.245156348193902,-0.0737320802189194,-0.281721278919609,0.367971274990263,-0.319433285790668,-0.413907314993333,0.156116391461641,0.264287923851529,-0.0269958026375197,-0.385337384686109,0.286400455286432,-0.247813423518303,0.55162784554849,0.175936690052951,-0.296388924162035
755,0.332828779740216,-0.69829750475895,-0.242642682380093,-0.532359148002657,-0.610021972481305,0.459813038206224,-0.227155683131949,-0.479343494141296,-0.695252963029522,0.781732511223897,-0.2251175406383,0.0330882698440517,0.374490617827646,-0.584241244610489,0.662222064582969,0.54019997790906,-0.202345914133313
756,-0.632947114297118,-0.377232850261581,-0.399525001700799,-0.321309523889787,-0.419775929545553,0.597676386717902,-0.160841407986146,0.00970584475400403,-1.13150087590124,0.348249430345878,-0.0823600758432804,-0.285330685695567,0.387274434098871,-0.179146855701312,0.388557341206964,1.27058503978381,0.365561033621036
757,-0.529364037883292,-0.065227582177795,-0.429688991466514,0.0365278195579968,-0.0549973811436687,0.64490641626646,-0.126254881443671,0.308395389764321,-0.544486781820081,-0.542569432118783,0.238752708750132,-0.0253726194768289,-0.525318164422601,-0.657511157755993,-0.461271920847447,1.24828320583344,0.806594893112644
758,-0.166005509305316,0.125834877284663,0.098476554823365,-0.317250877272231,0.103260389086072,0.419229452048294,0.129441715867638,0.183158683261044,0.162152526105149,-0.501224750890505,0.245250003622213,0.446320698165505,-1.45885903330448,-0.657894769866702,-0.593268583889408,0.455948605207647,0.207678258646402
759,0.320289775753279,0.00957275164368565,0.371431089664103,0.119053634114952,0.00673437320126556,-0.0088871004427725,0.491522344684936,0.160929167856712,0,-0.343160854194705,-0.0092426307335237,-0.217521989199013,-0.763161603283877,-0.205232479229554,0.190025046794464,-0.104694720489256,-0.36843858586379
760,0.419511459475997,-0.165877365232698,0.0106461140349584,0.61691428586839,-0.115045542188287,-0.313490579924655,0.499020778623684,0.303072829737932,-0.217986771557599,0.216582522434286,-0.179911010119877,-0.750792131887452,0.261477384908918,-0.421589709669683,0.64073007060056,-0.140005957577348,-0.791522458943634
761,0.263591670768869,-0.145191766255018,-0.320270597218331,-0.275311528890828,0.0224479106708852,-0.409864009088772,0.188491883135279,0.104885741696495,0.157625425122518,0.762968386666448,-0.421866610708359,-0.199271508522697,0.437013147826409,-0.079791319027565,0.0450436373881316,-0.151776369940046,-1.15410423238511
762,0.115031732227986,0.0767933988324688,-0.160431023999025,-0.554005263296285,0.215499942440498,-0.443599744480599,0.00290564315126488,-0.0782729415645486,0.697447921081707,0.470375257974021,-0.5364386273259,0.579415667000099,0.160495979068991,0.420055261226845,-0.854664960700454,-0.498074291558354,-0.625972028935398
763,-0.230881225585555,0.300046878017857,0.252253757550541,-0.0635854636750315,0.296312420855685,-0.338263687107908,-0.0995417105368806,0.195682353911371,0.959745408317785,0.0375282491148983,-0.0736665122820453,0.3093679041473,0.275765179564993,0.432714460880257,-1.00224331937966,-0.90446326576517,0.115661623787749
764,-0.123209343523815,0.0242791555884015,0.39479339546304,-0.187374185510465,0.462426959820235,-0.115104315083161,-0.210612263254586,0.39011234075771,0.395229634271518,-0.17301158913987,0.29521511630047,0.224792505891204,0.0685384435381635,0.29883383424266,-0.69669880492975,-0.805963499151017,0.494920850847481
765,0.326831864789942,-0.442098056982833,0.199318912765609,-0.855697995201221,0.590941248411053,0.0119585629187449,-0.0795302649628467,0.066062362680479,-0.175047904661734,-0.081099182409314,0.0986490686211737,-0.141255752876849,-0.746725268078017,0.565060639075016,-0.0150443957876861,-0.117084628239464,1.51112837923652
766,-0.209619436216401,-0.448862398838308,0.0354870467831946,-0.55806390991384,0.359727768500935,0.0471796777046903,0.117256760717173,-0.306516839166772,-0.169560509531272,-0.482142590323608,-0.491964186370529,-0.371389862868437,-0.96082733386416,-0.280036840817897,0.705206052547786,0.327093564605486,2.08259618805875
767,-0.185086602328916,-0.110886889702251,0.159395985134516,0.401806015137965,-0.123463508689869,0.15807961382484,0.159388586410514,-0.298063361477801,-0.19507689688792,0.0146296564346214,-0.877043296535555,0.056977110404107,0.301117958052464,-0.510971331464984,0.439063527065625,0.172839213115399,0.885701601133922
768,0.434231159808488,0.289296406140406,0.165014767541855,0.0473508772048107,-0.417531138478465,0.288616769053666,0.0916683549011951,-0.316848867453293,-0.339121019062545,0.771555358921552,-0.345454762564871,0.3015038758884,1.55769189859463,-0.132729790305469,-0.0785353280107186,0.081153895763861,-0.95082878394023
769,0.178271926249059,0.384480359392447,0.032973380969385,0.0182639097789984,-0.419214731778781,0.379149384329048,-0.1075087965968,-0.379467220704932,-0.341727531749514,-0.551156404373887,0.588966053474837,-0.345275353933222,1.23455139990686,-0.3329753120958,-0.210979740927312,0.287445859804821,-2.09253186990082
770,-0.109579991364101,0.314904271736132,0.0680168396677896,0.223902005068462,-0.14759501266107,0.507043067754783,-0.339069809667764,0.0992500899038476,0.0518558839828649,0.0467512933888987,1.22844628680022,-0.793821720473887,0.230968109101962,-0.247046199296884,0.0924155741243575,0.530288051708894,-1.82421269131573
771,-0.246146100004435,0.418060485032127,0.0347477333085447,-0.361895990065339,0.195858020603473,0.595863720338639,-0.280910081430349,0.665946186831179,0.427468080662981,0.647203279227271,1.06665449336586,-0.104161279957508,-0.375672315130028,0.0230167266425668,0.511599006756254,0.822689874613798,-0.304358292680748
772,-0.492564787052064,0.348242813738117,-0.162648964422975,-0.119730075217878,0.433244675948084,0.506539549316099,-0.100619610415576,0.65373560794711,0.371085095697486,-0.706357976984653,0.70298900292009,0.585350782667193,-0.105278486939499,0.113932796880706,0.242590882076438,0.923667622777991,1.01379662901135
773,-0.593967167120336,0.227541588754484,-0.134850777776139,-0.370013283300449,0.500027210193968,0.302211766898134,-0.0644162340550576,0.133064000659733,-0.0401951693306334,0.0588366617479337,0.185767726624288,0.596182368759641,-0.39189379628091,0.262390683725262,-0.321663509936717,0.452851128270095,1.00562829810266
774,-0.0471575584726104,0.184147127833423,-0.0495340028015424,-0.612179198147909,0.177338494299993,0.133885552846074,-0.10221302762756,-0.286792057892506,-0.204954208122752,0.696816896701204,-0.394138718507788,0.435785867856412,-0.48954496426867,0.301135506906916,-0.762607586475803,-0.249656641166687,0.60528539689786
775,0.58088298904701,0.122362112492789,0.0118290155943982,0.300339849699085,-0.0628541498784786,-0.0869576343607259,-0.139939523381886,-0.505017018974467,-0.175047904661734,-0.69936118477679,-0.580638534695127,0.893828419464429,1.25560709729476,0.102424433559422,-0.465391219694076,-0.367360764793661,0.455687264985289
776,0.101947554154661,0.153013036525411,0.12967558345359,0.450509774548627,0.0145911419360754,-0.47219959179785,-0.0344224983000653,-0.555424793342037,-0.200975846653167,-0.21022180224532,-0.302352989540221,-0.224198994324494,1.56370781213403,0.196793012793947,0.196562194964113,-0.070002978788674,0.154019678842488
777,-0.169276553823648,0.0629929335291113,0.0903441066022162,0.129876691761766,0.00280598883386065,-0.80945624202839,0.0284354674520962,-0.163120810220519,-0.0840943303743285,0.524123343570782,0.159046457572913,-1.39415867020049,-0.0223448217177712,0.228249205872121,0.413810434136295,-0.198858019390835,0.015291096202766
778,0.111760687709655,-0.16279717385208,-0.0811766195165576,-0.0040586466175552,-0.148156210427842,-0.845910976989111,-0.0346333917545926,0.299628820309092,0.232802738409846,0.140889952185593,0.21550886512325,-0.682389923824188,-1.08845064252143,-0.24973148407185,-0.00394019889677493,-0.387804112581504,-0.0709056781112071
779,0.522549361803434,-0.197434227906678,-0.0316426167150152,-0.410599749476001,-0.34513662656486,-0.686497039301758,0.119974943019969,0.537891654431578,0.525555268619988,0.188913389612284,-0.0677182845822528,0.4004719296372,-0.915707982318661,-0.198711073347494,-0.477838666208887,-0.283109392092248,-0.0718214507571668
780,0.160281181398237,-0.00235544046753149,0.341267099898388,-0.655471428735165,-0.39508322780758,-0.592137683892378,0.490022657897186,0.512531221364664,0.281366185314434,0.0378462851243465,-0.326054389144009,0.894718686814493,-0.106352757214392,-0.0429645563994581,-0.766547785372578,-0.522234611671259,-0.149797254788449
781,-0.381349273428798,-0.0416429795477682,0.532305701747918,-0.503272180576845,-0.210449162539549,-0.593547535520693,0.547573138377077,0.0569827014589914,-0.40250043281938,-0.106224027155729,-0.0882167923476915,1.08197158611132,1.29213228664111,-0.357910099291914,-0.687206507587519,-0.958359364478573,-0.838748643658033
782,-0.7910475993498,-0.173336260046548,0.319974871828471,0.0385571428667744,0.213255151373409,-0.475522813493164,0.372250379846724,-0.320292876882133,-0.823795193960592,0.461788285718917,0.32998937054541,0.0375396065943726,1.39440281681091,-0.0303053567460464,-0.579477887750695,-0.437983238969846,-0.86096992207927
783,-0.376170119608106,-0.443789142446701,-0.0136033679335579,0.6250315791035,0.422581918379414,-0.179856786297923,0.262163996583479,-0.15435424076529,-0.762061998742895,0.5953634096872,0.628498889879611,-0.897834622539718,0.301010531024975,0.224029472654317,-0.379781443664148,0.803485517600976,-0.778991318943083
784,0.280764654490108,-0.568446299497599,-0.138399482454459,0.453891980063256,0.328861891328468,-0.0296320601165531,0.020175473816444,0.122418880606954,-0.214694334479322,-0.164106580875318,0.352775658195385,-0.234437068850232,-0.961686750084075,-0.0210986660890196,-0.100027321993127,0.988095143079072,-0.730217247758536
785,-0.0714178053169013,-0.246415310449448,0.0643202722945402,0.152875689261246,-0.0162747352363918,-0.255384552100522,-0.208925115618368,0.200691822171503,0.418688248454242,0.145978528336765,-0.326145900339391,-0.0363525834609537,-1.11122517234916,-0.0824766038025312,0.353543301010624,-0.0607105479760182,0.0927756127838937
786,-0.171184663126008,-0.0671904492340712,0.26186483272099,0.411952631681853,-0.412480358577516,-0.567364576709125,-0.29384487997469,0.132437817127216,0.573569976011529,-0.0244887727275183,-0.458745622447072,-0.34201104031632,-0.169842130460559,0.164185983383644,0.521449503998192,-0.625690341385494,0.128195973506227
787,0.494745483397618,0.0889027786719576,-0.0172999353068073,0.217814035142129,-0.525281109698714,-0.57884479711112,-0.338132505425421,0.00125236706503278,0.468897913897969,-0.459243997643331,-0.11319934868682,-0.0264112647185704,0.84373187390084,0.156130129058745,0.198442744437574,-0.393379571069098,0.091423358621378
788,0.460944690041527,0.456230699788022,-0.444770986349372,-0.148817042643691,-0.372074119369922,-0.321848986006809,-0.260898635856316,-0.152475690167741,0.515815142263418,0.66024275561465,-0.0728429115236125,0.328953785848712,0.76412844653128,0.13157895397334,-0.0891917750269962,-0.286826364417311,1.33111576268009
789,0.0542448215956617,0.381218980283557,-0.369508874630013,-0.0723791980130677,-0.180144483133854,0.0235898388523451,-0.0131808409079556,-0.313717949790711,0.5868769092029,0.273192932116081,-0.223287316730671,0.412045405188034,0.129234714069609,-0.0828602159132407,0.0296410417007387,-0.236647238028969,0.94297861632102
790,-0.238513662794995,-0.230893561727509,-0.0498297281914024,-0.0040586466175552,-0.108872366753793,0.41369074922277,0.0404212454510638,-0.245150852980166,0.684964097159906,-0.435391296934709,-0.159229479963676,0.319160844998006,0.140084843846027,0.107795003109355,0.267843975005769,-0.410725441919389,-0.792071320709098
791,-0.228155355153612,-0.30475775895292,0.177878822000763,0.00676441102925866,-0.175654900999677,0.752860769520309,-0.16459062495552,-0.138386560686122,0.566299177463667,-0.10049937898566,-0.236373417670215,0.365157991417988,-0.0284681622846604,0.287325470921376,0.344856953442733,-0.894551339565003,-1.39366112862911
792,-0.083684222260644,0.231044551501069,0.13352001352177,0.419393483814037,-0.267130136983534,0.882969934076253,-0.238309603615837,-0.214467859886863,0.313604631705897,0.227713782764976,-0.344082094634149,-0.440237204606733,-0.699242521927753,-0.0479515138386809,0.144623209506625,-0.622592864447942,-1.37578179613321
793,-0.129478845517283,0.567238381309121,-0.277094690298778,0.475538095356884,-0.418092336245237,0.845105347487217,-0.180477931863242,-0.359742439430665,0.200427107140121,0.178100165291043,-0.154287875413079,-0.133243346726271,-0.67120406775305,-0.307273300678267,-0.149458908152667,0.41258392808192,-0.521494506777314
794,0.20062406379099,0.474470264434035,-0.476265740369457,-0.363925313374116,-0.665019353624974,0.731209476656897,-0.0343170515728017,-0.482787503570136,0.0458197493393568,-0.165060688903663,0.341153736381944,0.447804477082279,0.108823578846645,0.106644166777226,-0.53264325086403,0.975085739941354,0.714381301937714
795,0.097313574420358,0.0783032965680659,-0.276355376824128,0.0331456140433675,-0.91699715090566,0.582570833557382,0.0921135744163083,-0.37289229361351,-0.475345603176262,0.246477907322425,0.411434334434877,-0.0332366477357291,0.563239905126319,-0.134264238748307,-0.520285354324145,0.956500878316042,0.662614971216008
796,-0.31974460166689,-0.591879912354066,-0.0502733162761923,0.844198496451481,-1.15831219061768,0.501403661241522,0.0847088709017945,0.00219164236380736,-1.03409961233554,0.979232873091286,-0.0567369411364821,0.182504806763155,1.05235516128503,-0.0989719245630375,0.109250969410578,0.818972902288736,0.17070940963181
797,-0.276948435885388,-0.654208490879514,0.126570466860061,-0.126494486247137,-1.00791118912275,0.513387400082201,0.0777611032054233,0.0882918780848108,-0.846842253508532,0.90576655490873,-0.196657558874677,0.236959493008747,0.770681495208127,-0.22940004220425,0.571955689856852,0.604627498210141,0.204475120641459
798,0.139291979072277,-0.126318044560054,0.181131801289222,-0.460656391092515,-0.41360275411106,0.558804763251497,0.0699228964788257,-0.080464583928356,0.0378630264001871,0.0108132243212419,0.0273618474190454,0.0341269150857933,-0.479231969629698,-0.23630506019702,0.516524255377223,0.579847682709725,-0.222722888633872
799,0.360360071102838,0.491864286348113,0.113854275096083,-0.527624060282176,0.090914038217085,0.573608205348807,0.0591790466009632,0.0904835204486182,0.812271664186622,-0.823077192452175,0.18457808108433,-0.421986723930418,-0.825469279227662,-0.0418137200673298,0.0216710939322621,0.446036679007481,-0.196436101243737
800,0.18726729867447,0.62086994887753,-0.0863518138391068,-0.963252130566434,0.358044175200619,0.419128748360557,0.0662322610245981,0.337199832260075,0.987182383970095,-0.292911164701875,0.183479946739753,-0.471099806075625,-0.207334163054319,0.163035147051515,-0.618432126843811,-0.0446036679007481,0.658322374703797
801,-0.396341560804483,0.235846026300268,-0.247374288617852,-0.2536654135972,0.379930888104732,0.10886068644348,0.111960991747932,0.427057169176177,0.603064724837762,0.0919124067305559,0.143398043162689,-0.366345014551407,0.283285071489243,0.318781663999551,-0.542583298080894,-0.173458708502909,1.01487068087257
802,-0.361177832232421,-0.302704298032508,0.00177435233915973,0.0473508772048107,0.0347942615398721,-0.244407850137211,0.151515230774828,0.545718948588033,0.239661982322923,-0.131030835892696,-0.104597296320966,0.00400620307528878,0.113013232918727,0.321083336663808,0.0916096243500172,-0.163546782302743,0.744211216704178
803,0.356543852498118,-0.63222437984922,0.343780765712197,0.206314536392389,-0.424826709446502,-0.599992571535848,-0.0277324892703385,0.442711757489087,0.144592861687671,0.0159018004724145,-0.528568664523098,0.573777307116359,-0.272112660630358,0.448058945308635,0.306887764073811,-0.462763054470261,0.394742785973677
804,0.545719260474948,-0.601784841499583,0.287740804333736,0.625708020206426,-0.732924283404402,-0.918417632159606,-0.182118214287344,0.109582118190368,0.261200008209986,0.229303962812217,-0.44639161107058,0.220786302815915,-0.242462801043315,0.0579254287171266,0.203636642983323,-0.560023830309393,-0.294050484166543
805,0.226247245851252,-0.433763421482337,0.174625842712303,0.418040601608186,-0.722261525835731,-1.05658309173449,-0.306967139367499,-0.122731972373212,0.451612619237014,-0.348567466355326,0.0169295711455632,-0.44661745394886,0.430245245094584,-0.151526783730232,0.226382336614705,-0.168502745402826,-1.15268754313522
806,-0.265227193028034,-0.147698196496109,0.212330829919447,-0.0635854636750315,-0.302485596290178,-0.939766813959808,-0.376046462028215,0.0516601414326021,0.449280476306568,-0.160926220780835,0.574232751018428,-0.271531541769573,0.6185648242833,-0.379775989602353,0.354797000659597,-0.00185848616253117,-1.28915672508339
807,-0.302299030902456,0.358993285615568,0.00621023318705905,-0.74949674204186,0.133003870724995,-0.639065602377726,-0.0726293624785926,0.313091766258194,0.210715973009737,0.460834177690573,0.701982379770894,0.529560695396505,-0.167908443965752,-0.40240910413421,0.507121508009919,-0.275675447442124,-0.257020048689233
808,-0.200351476747796,0.451278235215263,-0.449650455282061,-1.29606115320596,0.377686097037643,-0.30452795171608,0.134784350048996,0.0228556989368482,-0.239799167201185,0.133257087958834,0.353507747758436,0.289782022445888,-0.448078131657806,0.454580351190695,0.359722249280566,-0.240983705741542,0.144364044889513
809,0.493382548181647,0.27443901242213,-0.461923058961249,-0.547240852267026,0.369268130536062,0.0798580243752815,0.0131222593928091,-0.446468858684185,-0.500999175411171,0.176509985243801,-0.260623884446292,-0.530450962746569,0.233976065871662,0.00613779377135116,0.166742053313521,-0.325235078442955,0.551346889569264
810,0.24396540365888,-0.10324680716013,0.0199614638155469,0.246901002567941,0.047701810175631,0.388917642039517,0.125176981564976,-0.539144021496611,-0.366283624958331,0.174601769187111,-0.913281729906599,-0.638173312104334,0.376639158377432,-0.398572983027116,0.162085454617332,-0.85924010247691,1.12791534139174
811,-0.363631115621169,-0.306207260779093,0.220463278140596,0.0886137844832885,-0.134687464025311,0.455986298072226,0.254337506159911,-0.460871079932062,-0.0877983220873903,-0.0826893624565555,-0.685784898188382,-0.573332173441327,0.052854097524728,0.0997391487844563,0.126534114571431,-0.929243081265585,1.29882479669333
812,-0.392252755156569,-0.128462099344602,-0.140025972098689,-0.342955639183414,0.0370390526069606,0.463740482027959,0.256258979856715,-0.227930805835966,0.0587151278959423,0.170149265054835,-0.230516701165804,0.355216672675605,-0.229141849634644,0.149225111065975,-0.0572224339781632,-0.416920395794492,0.941871263636311
813,-0.0406154694359477,0.0555038407605496,-0.469611919097608,-0.385571428667744,0.342891835497771,0.483478404824372,0.38841887802715,0.109895209956626,-0.171206728070411,0.493591886663746,-0.110820057606903,1.09473208479558,0.0455490596554566,-0.0130428117641212,0.0230143435561627,-0.0885878404139858,0.264415439399704
814,0.226247245851252,0.18378475237688,-0.415494172753236,-0.274635087787902,0.402378798775617,0.338465094483381,0.294454127732213,0.247655587110232,-0.322247279036375,-0.15074906847849,0.280024257867154,0.456410394799566,0.329048985199678,0.149992335287394,0.0812218272585196,-0.160449305365191,-0.655366625708053
815,0.74961436878427,0.350175482839681,-0.209965026800568,-0.652765664323461,0.193052031769613,0.0326028189047887,-0.0465957371475016,-0.00344400942884014,-0.204131098853182,0.049295581464485,0.721199730800992,-0.453294459074341,0.465266456056091,0.218658903104385,0.096803522895766,-0.346917417005818,-0.957877725721989
816,0.453857426918476,0.342565598252271,0.0331212436643149,-1.10192255666624,-0.017397130769936,-0.287911843239508,-0.190413356832084,-0.378527945406157,-0.0679065147394659,0.176191949234353,0.369705229340948,-0.894273553139461,0.271575525492911,-0.393202413477184,0.333752756551822,-0.687020384749022,-0.749875165200568
817,-0.0471575584726104,0.130998727540405,0.144166127556728,-0.449833333445701,-0.0376002503737327,-0.513689511145411,-0.0755232893268282,-0.323110702778457,0.00644768927829273,-0.445886485246503,-0.38205924071744,-0.730019227052621,-0.454846034389631,-0.321466948774517,0.53479245026227,-1.05066417721762,-0.586003016453251
818,-0.0346185544856735,-0.19326691015643,-0.0311990286302252,0.474185213151032,0.00729557096803769,-0.618219939016209,-0.136002845564043,0.02254260717059,-0.0163250005131241,-0.118945467533661,-0.607908870918791,0.476589788067687,-1.18384584293192,-0.309191361231815,-0.332857256802555,-0.79481258217583,-0.0858108859762364
819,-0.305570075420788,-0.550206734851585,-0.059145077971991,0.480273183077365,-0.319882727060114,-0.597877794093375,-0.36634536311996,0.11960105471063,0.314016186340682,-0.241071295161804,-0.324041142845618,0.71547819366824,-0.526929569834941,0.0636796103777683,-0.98540792409344,-0.198238524003325,0.758196760140261
820,-0.384620317947129,-0.356577449238613,0.293951037520795,-0.0568210526457728,-0.75088261194111,-0.374819125756366,-0.21370536725432,-0.0529125084976348,0.78195380609082,-0.414400920311122,0.226307186178258,0.0770081257805509,1.01883792870837,0.24973148407185,-0.255396528490957,-0.141864443739879,1.14344877129797
821,0.422782503994328,-0.0404652593140024,0.479518719657917,0.305074937419566,-0.760984171743008,0.0244709961200421,0.127004724837545,-0.266754184851982,0.752459057264587,0.0540661216062093,0.747737977461605,-0.0145410333843815,0.82418015489779,0.137333135633982,0.356767100107985,-0.576130710384663,-0.217148491267636
822,0.295211767779405,0.0160351139520413,0.0857603630593869,0.324691729404416,-0.343453033264544,0.382371902336625,-0.000468652121171754,-0.148092405440126,0.246246856479477,0.360970870723809,0.808592922390251,-0.120186092258663,-0.234942909119065,0.324535845660193,0.266232075457088,-1.02402587555467,-0.684619192462452
823,-0.133567651165197,0.167055085466464,-0.409136076871247,-0.185344862201687,0.393960832274035,0.551251986671237,-0.254759293068965,0.170635012610716,-0.396464298175872,0.161244256790283,0.363299445664248,-0.163364058736776,-0.976726533932575,-0.0682829557062817,0.251993629443742,-0.823309370001308,0.61744180233047
824,-0.0452494491702505,0.578834395918507,-0.616587437858006,-0.641942606676647,0.912507568771483,0.597474979342428,-0.0993542496884119,0.387294514861386,-0.614451069733471,-0.256337023615322,-0.22703927574131,0.12597283003408,-0.889495787611276,-0.341414778531408,0.472913417587919,0.170980726952868,2.0599111053971
825,-0.125117452826174,0.590068035071349,-0.348068783865167,-0.56618120314895,0.759300578442692,0.52315565779267,0.190319626407849,0.336260556961301,-0.19329349347052,0.0222625206613803,-0.554100288034514,0.412638916754744,-0.157058314189334,-0.245895362964756,0.480883365356395,0.442939202069929,1.87917951202509
826,-0.210437197345984,0.115929948139146,0.0422887307499735,0.336867669257082,0.287894454354103,0.241688850568317,0.175229028106119,0.0140891294816187,0.085466179156944,-0.075692570248693,-0.594914281174629,-0.545733885589338,0.66056879203161,-0.0609943256028022,-0.0188950447095343,-0.573652728834621,-0.454547815121313
827,0.0351637285720621,-0.109195804238383,0.0660946246336999,0.966634336081063,-0.16330855013069,-0.0757795250219412,0.125645633686147,-0.1318116335947,-0.158860089026872,-0.0397545011810363,-0.466432562859112,-0.94724446046828,0.429922964012117,0.212137497222324,-0.216263189447988,-1.02836234326725,-2.24228085855595
828,-0.0267135302330394,-0.156817978819115,-0.100398769857455,0.233372180509424,-0.478701695056627,-0.0605732681736846,0.236950512464439,-0.111460668787917,-0.181495593940027,0.340298530109671,-0.341702803554232,0.513090749420318,-0.0595145732290636,-0.10395888200226,-0.0567746841035297,-0.320279115342872,-0.572222493749736
829,-0.180452622594613,-0.513002854646473,0.013159779848768,-0.633148872338611,-0.506761583395233,0.29667306407261,0.224343770404919,-0.185350325624851,0.0428016820176028,-0.149158888431248,-0.275448698098082,0.0870978224146115,-0.124185643777613,0.24973148407185,-0.172383701733903,0.0749589418887572,-0.0287957396383353
830,-0.0182633318940168,-0.315145855373828,0.382372929088921,0.255018295803052,-0.332790275695873,0.565149095578916,0.0262210861795596,-0.231687907031064,0.116469961644054,-0.531756207797541,-0.198487782782306,-0.372428508110179,-0.0200888541404962,0.188353546358339,0.00474614867111526,-0.264524530466937,-0.89329138038633
831,0.355180917282147,0.363100207456392,0.432350519975254,0.842169173142704,-0.0437734258082261,0.453267298503332,-0.23891885137336,-0.134942551257282,-0.0382745810349717,-0.362561050771051,-0.129122296683187,0.948283105710021,-0.429600682929649,-0.079791319027565,0.489390612974432,-0.480108925320552,-0.197881597712024
832,0.334191714956187,0.368656631123389,0.0693476039221594,-0.000676441102925866,0.323811111427519,0.126685239172893,-0.27908233815778,0.110208301722884,-0.399207995741103,0.0890500826455213,0.120977800294241,0.70761416540934,-1.13399970217689,0.197943849126075,0.281097371294921,0.0607105479760182,1.26860169148085
833,0.214253415950704,-0.502493966406717,-0.144018264861798,0.00676441102925866,0.665580551391746,-0.155914484538499,-0.0236669321191736,0.121479605308179,-0.514306108602541,0.528893883712507,0.440717916956932,-0.063505737637911,-0.489007829131223,0.141169256741077,-0.357214849982618,0.315323152242789,1.82370716074227
834,-0.195990084056687,-0.736467719514844,-0.113854275096083,0.183991979995836,0.95123021467876,-0.290228028057455,0.129160524594935,-0.114904678216757,-0.196585930548797,0.512356011221196,0.779675384649722,0.302987654805173,1.19888562678042,-0.366349565727522,-0.42751158030008,-0.464621540632792,0.89236176583181
835,-0.476754738546796,-0.23059158218039,-0.165458355626645,-0.249606766979645,1.06346976803319,-0.247932479207999,0.0897937464165081,-0.263936358955658,-0.0198918073479244,-0.226123602717734,0.647350196128184,0.0734470563802942,0.943209301355918,-0.293079652582018,-0.00814904771832997,-0.801627031438445,-0.541202977276692
836,0.195172322927104,0.229051486490081,-0.0838381480252972,-0.116347869703249,0.856948989861043,-0.0952656885990118,-0.0220266496950724,-0.109895209956626,-0.286442025810111,-0.258245239672012,0.176159051109239,-1.74373698299236,-0.574949451122651,-0.199478297568913,0.179010399878479,-0.246559164229135,-0.732647004229043
837,0.0738710887056498,0.353316070129723,0.105278238790144,-0.0730556391159936,0.620123532283204,-0.00382674013399836,0.000316340181790934,0.108642842891593,-0.518421654950387,-0.391502327630845,-0.177897763821486,-1.39000408923353,-1.28869462176146,-0.294997713135565,-0.112922518382573,0.400813515719222,-0.259849896499302
838,-0.274222565453446,0.182003073048875,0.282417747316257,-0.510036591606103,0.45849857545283,-0.107450834815164,0.127192185686014,0.20288346453531,-0.254203579418647,-0.54129728808099,-0.404021927608981,0.362635567259473,-0.560231948356619,-0.274282659157255,0.0182681948850474,0.852425653214297,-0.486068448805661
839,0.109307404320906,0.150114032873064,0.46044443201195,-0.874638346083145,0.328861891328468,-0.333832724847488,0.0195662260589207,0.364438815924538,0.187531728583535,-0.165378724913111,-0.457281443320969,0.685209103766058,0.207011881971851,-0.0487187380600998,0.240173032753418,0.672771990836283,-0.787946030743816
840,0.384620317947129,0.267070711472416,0.637879665927922,-0.526271178076324,0.277792894552204,-0.524867620484196,-0.279972777188006,0.44208557395657,0.146925004618117,0.0432528972849675,-0.321387318179557,0.120037714366986,0.0666047570433564,-0.163035147051515,0.169876302435956,-0.12761604982714,-0.308366106969913
841,0.238786249838189,0.0112638371075544,0.616439575163076,0.192785714333872,0.308658771724671,-0.629901566793677,-0.317277486033277,0.180027765598462,-0.269156731149156,-0.10049937898566,-0.130311942223146,-0.0411006759946293,0.381043666504492,0.244360914521918,0.0451331873630583,-0.471435989895407,-0.0147615689756624
842,-0.522821948846629,-0.27443901242213,0.208929987936058,0.327397493816119,0.386104063539225,-0.511675437390675,-0.0945154165373135,0.0284913507294957,-0.354348540549577,-0.039436465171588,-0.0256231347067984,0.146300601193879,0.534234607704212,0.491407113818802,0.101281021642101,-0.173458708502909,-0.606371083986564
843,-0.558258264461885,-0.124657157050897,-0.221794042394966,0.0135288220585173,0.595992028312002,-0.189197053335511,0.0117514519383817,0.10582501699527,-0.180672484670458,-0.0906402626927627,-0.0229693100407371,0.630309283845434,-0.224629914480094,0.432330848769547,0.322379909736131,-0.182751139315565,-1.1321140536546
844,0.203077347179738,0.379407103000841,-0.237023899972754,-0.0899666666891402,1.09209085413856,0.125124332012973,-0.0237020810282615,0.200378730405244,-0.162975635374718,-0.484368842389746,0.147150002173328,0.484008682651555,-0.764558154641238,0.036826762628107,0.289515068938031,-0.382848149481421,-0.616056809045102
845,0.0703274571441242,0.579438355012745,-0.138547345149389,-0.0595268170574762,1.56630296706101,0.333228502721068,0.0174572915136478,0.367256641820862,-0.554912832567959,-0.180008381347732,0.384347020601975,-0.492614600368842,0.214102065786144,-0.303820791681882,-0.0215815439573354,-0.296738290617477,0.591404570509135
846,-0.190538343192802,0.218693588023885,-0.06505958576919,0.0879373433803626,1.54609984745722,0.410065416464245,0.0906841854467344,0.314344133323227,-0.917080911178444,0.0279871688314495,0.33319226238376,-0.911337010682358,0.356765158291914,-0.612628540802988,-0.163697354166013,0.0923048127390481,0.984803246979536
847,-0.611685324927964,-0.507688014617171,0.202719754748999,0.788053884908634,1.21330957176135,0.323963763449282,0.102634814536614,-0.104259558163979,-0.681397290325106,0.104315811099039,-0.0981915126442666,0.0261145089352157,-0.373631201607732,-0.487954604822417,-0.310648863020733,0.672771990836283,0.567939927606045
848,-0.21398082890751,-0.886370366704925,0.32588937962567,0.987604010271765,0.666141749158518,0.176558740524543,0.0629751287824545,-0.421108425617271,-0.322796018549421,0.367331590912775,-0.413722114319412,0.838335087977096,-0.199599417075091,-0.223645860543608,-0.0514912355828542,0.994909592341686,-0.309220012302836
849,0.496108418613589,-0.867406051145825,0.0416972799702536,0.393688721902854,0.194735625069929,-0.0130914794057839,0.0511416627228677,-0.436136830397665,-0.0611844557046501,0.0947747308155905,-0.509259802297617,0.453887970641051,0.367185579958374,-0.0905324581274296,0.293813467734513,0.812158453026121,-1.12910935646047
850,0.0414332305655305,-0.209936181157422,-0.157621632795356,-0.223225563965536,-0.0202031196037967,-0.345212241561747,-0.00403040824207709,-0.364438815924538,0.0181084039305243,-0.820850940386037,-0.171675002535549,-0.79871819089924,0.343551633910732,0.0886143975738824,0.28655991976545,0.433646771257273,-1.14064508268901
851,-0.431232702333351,0.420355529590234,0.0563356867683214,-0.229989974994795,-0.106066377919933,-0.642489527760777,-0.0530982853287597,-0.229496264667256,0.201661771044475,-0.909901023031558,0.624929953259736,-1.29979033109369,0.041144551528396,0.280804065039316,-0.0165667453614401,0.125138068277099,-0.418732980065789
852,-0.167913618607676,0.329399289997865,0.234805959548804,0.0771142857335488,-0.0763228962810097,-0.683274521294181,0.0503215215108171,-0.099876273436364,0.546681739872266,-0.570556600950233,1.25919404844838,0.208025804131662,-0.353005212329789,0.306889688567558,-0.183398348649888,0.0340722463130714,-0.325634830751737
853,0.00981313355499407,0.181640697592332,0.12952772075866,-0.108230576468139,0.0729557096803769,-0.562127984946812,0.169324011379355,-0.208206024561699,0.411829004541165,-0.431892900830778,0.808226877608725,0.673932383998578,-0.323247925715257,0.171091001376414,0.118026866953395,0.284967878254779,-0.766242319338258
854,0.392525342199763,0.20120897224567,-0.166493394491154,-0.328750376021971,0.213255151373409,-0.438463856406022,0.259024027371628,-0.323110702778457,-0.0499352956872032,-0.0270330608031047,-0.115029572594448,0.0195858817014118,0.492875202120837,0.0107411390998645,0.194323445590946,0.502410759270926,-0.478920808197657
855,0.439137726585985,0.202235702705876,-0.277834003773427,-0.505977944988548,0.244682226312649,-0.246220516516473,0.123021181807585,-0.170635012610716,-0.252282991122986,0.17491980519656,-0.950984342403745,-0.505820232728127,0.265881893035979,-0.163035147051515,-0.599537082134277,0.359307324756026,0.227097653925007
856,0.102765315284244,0.274197428784434,-0.0867954019238967,-0.74137944880675,0.13973824392626,0.0383681050277204,-0.169792663500526,-0.0197247812742662,-0.10110525527876,0.603950381942303,-0.944395536336282,0.542914705647468,-0.330552963584528,-0.462252593404884,-1.04916750624125,0.268860998179509,0.867614840617007
857,-0.00163552225916568,0.27770039153102,0.00280939120366957,-0.0683205513955125,-0.0465794146420868,0.267972513067622,-0.159154260349928,0.257361431864236,-0.016050630756601,0.682823312285479,-0.645245438634412,1.37872736946605,0.370945525920499,-0.369034850502488,-0.379602343714294,0.481347916095573,1.25922650663172
858,-0.653936316623077,0.0661033228644413,-0.161466062863535,0.96054636615473,-0.214377546906954,0.384788790842309,-0.0248502787251323,0.776154488554064,-0.260239714062155,-0.539071036014852,-0.370345807708618,0.337856459349353,0.821816760293026,-0.0176461570926346,0.544374297579428,0.776847215938029,0.502167190281732
859,-0.758609741209681,0.0123207655224724,-0.472569172996208,0.85434511299537,-0.203153591571511,0.451253224748596,-0.0910942560527597,0.810281491076207,-0.689491198142537,-0.610311102131269,0.042644217047743,-0.786402825890019,0.260617968689004,0.57618539028559,0.509987107207574,1.06615156190538,-0.187683601672386
860,-0.516279859809966,0.243214327249982,-0.45778290350321,0.156934335878801,-0.246927017379737,0.505431808750994,-0.0458810426627147,0.340643841688915,-0.823109269569284,-0.41853538843395,0.464236294169957,-0.615026361002666,-0.33925455281116,0.514807452572078,0.0118205966903248,1.0432302325675,-0.644545864147689
861,-0.314838034889393,0.225639117607632,0.00665382127184898,0.0832022556598816,-0.552218602503776,0.510164882074623,0.0640413123581202,-0.163746993753036,-0.339121019062545,-0.1488408524218,0.691275569911267,-0.292749580279435,-0.416602012603445,0,-0.472555217688212,0.584184150422298,-0.262729695544605
862,0.435594095024459,-0.245146996351546,0.283600648875697,0.218490476245055,-0.987146871752177,0.421344229490767,0.0958393587796237,-0.354106787638018,0.180398114913935,0.166968904960352,0.690634991543597,-0.173602133262514,-0.012461535188757,0.080558543248984,-0.457779471825306,-0.0923048127390481,0.977501138696309
863,0.526365580408154,-0.315870606286915,0.135590091250789,0.385571428667744,-1.1437210486816,0.282977362540405,0.20541022470958,-0.0453983061074382,0.526789932524342,-0.283688120427875,0.255865302286458,0.615471494677698,0.224737341507583,0.481049586829647,-0.116683617329494,-0.497454796170843,1.54710931719475
864,0.0626950199346844,-0.128945266619993,-0.0745227982447086,-0.0060879699263328,-0.561758964538902,0.219534039266222,0.0974796412037248,0.184411050326076,0.552580689637513,-0.417581280405605,-0.110911568802284,1.20423496885347,0.328082141952275,0.56889676018211,-0.0790726278602788,-0.457807091370178,0.442116978805971
865,0.102765315284244,-0.111400254932354,-0.157178044710566,-0.409923308373075,0.505639187861689,0.207651004113279,-0.0924064819920406,-0.032248451924594,0.369987616671393,-0.0823713264471072,-0.02187117569616,0.638915201562721,0.204541060339598,0.160349862276549,0.0475510366860793,-0.118323619014484,-1.2472478393293
866,0.269861172762337,-0.0555944346246854,-0.0820637956861374,-0.720409774616048,1.05898018589901,0.165707918170903,-0.0770581250236657,-0.3572377053006,0.265452739436094,-0.165378724913111,0.0571944971133892,-0.186065876163412,-0.156521179051888,-0.22940004220425,0.310380213095953,0.345058930843287,-1.41463663528005
867,-0.473483694028464,0.00323118115417781,0.188968524120511,-0.510036591606103,0.649305816155354,0.149821911430423,-0.108446100839144,-0.370700651249702,0.133069331913701,0.00922304427400042,0.083366698992476,-0.58950536363416,-0.373416347552753,-0.174927122483508,0.358110349731885,0.408247460369347,-0.45599018211462
868,-0.49420030931123,-0.21162726662129,0.412093330769847,-0.133935338379322,-0.32661710026138,0.163945603635509,-0.118381525807985,-0.327493987506071,0.0735310947481894,0.283688120427875,0.0738495346728081,-0.369460950276632,-0.552926910487347,-0.7146693622517,0.0629536323734722,0.123279582114568,-0.461971090256272
869,0.0357089026584507,-0.20120897224567,0.334909004016399,-0.266517794552791,-1.03540987969458,0.176684620134214,-0.0683060466607832,-0.359429347664407,0.177791602226965,0.488503310512574,-0.00274533586144268,0.206393647323211,-0.569363245693208,-0.436934194098061,-0.055789634379336,0.185229120865607,0.329042187059766
870,0.163007051830179,0.156304613589012,-0.0229187177141465,-0.157610776981727,-1.18019890352179,0.120643017908685,0.046408276299033,0.0056356517926475,0.229098746696784,0.0464332573794504,-0.149071737276338,0.637134666862593,0.0783143030396884,0.628740249452784,-0.0915200743750905,0.380370167931379,1.78615667071789
871,0.255686646516235,0.17741298393266,-0.355609781306596,-0.36663107778582,-1.11902834694363,0.0282473844101721,0.184180283620499,0.511905037832148,-0.018794328321832,-0.6974529687201,-0.491140585612096,-0.00756727247554546,0.22828243341473,1.04073965635473,-0.0670729312201006,-0.0284967878254779,1.20421635473035
872,0.107671882061741,0.0174846157782145,-0.387400260716541,-0.288163909846419,-0.856948989861043,0.0132425349373891,0.104321962172832,0.666572370363696,-0.22073046912283,-0.722577813466515,-0.614863721767779,-0.597072636109705,0.0619853948613172,0.751112512769098,-0.214651289899307,-0.185848616253117,0.0265009237216142
873,-0.252415601997903,-0.0230410394452118,-0.353539703577576,0.587150877339652,-0.561758964538902,-0.0261326069676993,-0.0202223390285612,0.298689545010317,-0.201113031531428,-0.612855390206855,-0.20132462983913,0.0544546862455919,0.0678938813732278,0.204848867118845,-0.217516889096962,0.384087140256442,-0.235421254938404
874,-0.291395549174685,0.17538972096696,-0.378528499020742,0.491096240724179,-0.593186039478141,-0.175350296271701,-0.0680365716911094,-0.217911869315703,-0.0805275235395283,0.0127214403779316,0.26437584345693,0.700492026608826,0.00590848651191065,0.34026394219928,-0.347453902715608,0.512322685471092,0.41045150660018
875,-0.495563244527201,0.135347233018925,-0.167380570660734,-0.359866666756561,-0.945618237011039,-0.29949276732924,-0.171198619864042,-0.305577563867998,0.16667962708778,0.365741410865534,0.368607094996371,0.0540095525705598,-0.0181551676456891,0.0598434892706738,-0.64099872052534,-0.0477011448383,0.848947923584841
876,0.125117452826174,-0.204560945218696,0.0360784975629145,-0.0534388471311435,-1.10050882064015,-0.192772034250167,-0.164637490167637,0.137447285387347,0.588523127742038,-0.090958298702211,0.163805039732747,-1.00155076882219,0.434649753221645,-0.407779673684143,-0.396795938900221,-0.157971323815149,-0.988882798464363
877,0.344822609640764,-0.0572251241791303,0.0862039511441768,-0.148817042643691,-0.540433449401561,0.0688561464900363,-0.0418389181176083,0.613972953632319,0.759455486055926,0.0216264486424837,0.167556998743385,-0.526148003887926,0.0467307569578388,-0.183366588919116,-0.116952267254274,0.168502745402826,-2.62946953326768
878,0.361723006318809,0.52991370928516,0.205085557867879,-0.59729749388354,0.352432197532898,0.160219567189247,0.0457287307233339,0.529438176742607,0.447497072889167,0.277009364229461,-0.108440766526986,0.730909494402685,-0.658742532564293,-0.275433495489383,-0.180980499326867,0.0929243081265585,-1.44968314410687
879,0.347275893029513,0.438595094236247,0.411058291905337,-0.295604761978604,0.908579184404078,0.0994700675620231,0.142751436108916,0.109582118190368,0.0646140776611888,-0.0890500826455213,-0.455725752999485,0.772752059855702,-0.322281082467854,0.0352923141852692,-0.216084089498134,-0.145581416064942,0.190393847368212
880,0.204167695352516,-0.0815042797675318,0.32515006615102,0.165728070216837,0.858632583161359,0.105738872123639,0.185961161680952,-0.192238344482531,-0.157213870487733,-0.411220560216639,-0.133057278084589,0.449881767565762,0.0392108650335888,0.0364431505173975,0.073251879490043,0.0291162832129883,1.18074408874718
881,-0.0596965624595473,-0.385446693943229,-0.103651749145914,0.133935338379322,0.387787656839542,0.0389219753102728,-0.0335554918758976,-0.494058807155431,-0.197546224696628,-0.538116927986507,0.236007372888689,0.25817753151861,-0.0151472108759891,0.230550878536378,0.257545727889198,0.337624986193163,1.71356207915513
882,-0.154011679404768,-0.28096177063991,-0.39346263120867,-0.0649383458808832,-0.121779915389552,-0.229201593288954,-0.238356468827954,-0.824996804090342,-0.12497542409627,-0.243297547227942,0.285331907199276,-0.595292101409577,-0.329048985199678,0.363664280952556,0.10674357011263,0.0216823385628636,1.47679041564202
883,0.316473557148559,-0.204289163626288,-0.226969236717515,-0.0994368421301024,-0.667264144692063,-0.488714996586685,-0.108211774778558,-0.759247533176121,-0.0825852967134515,0.466558825860642,0.138090393830567,-0.943089879501313,-0.245363330785526,0.0103575269891551,0.0141488960384191,-0.60400800282263,-0.0535242129872082
884,0.22161326611695,-0.277217224255629,0.12745764302964,-0.203608771980686,-1.09433564520565,-0.673707670959185,-0.0211479269678754,-0.348158044079112,-0.119625213844069,0.454473457501607,-0.167556998743385,-0.093032938081706,0.169412422350602,0.214439169886581,-0.0580283837525036,-0.598432544335037,-0.662633025879345
885,-0.282672763792468,-0.204379757490424,0.26186483272099,-0.0879373433803626,-1.30310121444489,-0.665147857501557,-0.117116165080821,0.177836123234654,-0.127444751904977,0.358426582648223,-0.38334039745278,-0.170782953320644,0.251701525407394,0.100889985116585,-0.513748206154495,0.0743394465012468,0.108000709161792
886,-0.497471353829561,0.336888382766426,0.296021115249815,-0.0081172932351104,-1.16953614595312,-0.374114199942208,-0.0250143069675424,0.574836482850045,-0.082722481591713,0.299271884890841,-0.000915111953814227,-0.617252029377826,-0.103881935582138,0.0678993435955722,-0.684161808440011,0.682064421648939,0.386726033994072
887,-0.287579330569965,0.606133346978102,0.13144993579275,-0.447804010136924,-0.590380050644281,-0.0638964898689989,0.131644380837146,0.598631457085668,0.123603575313654,-0.276373292210564,0.308484239630776,-0.0178053470012834,-0.0953952004104846,0.225180308986446,-0.115071717780813,0.779944692875581,-0.341880015608212
888,0.079868003655924,0.27661326516139,0.0221794042394966,-0.147464160437839,-0.124024706456641,0.124243174745276,0.0433620375114165,0.363186448859505,0.456825644610953,-0.18414284947056,0.168197577111055,0.683131813282575,0.0851896327990026,-0.459567308629918,0.467809069017097,0.0192043570128221,-0.996412395505644
889,-0.0686919348849585,0.118224992697253,0.320418459913261,0.184668421098762,-0.134126266258539,0.214096040128435,-0.0999634974459351,0.144022212478769,0.698133845473014,0.211811982292561,0.338682934106645,-0.106683704116023,0.267171017365851,-0.743440270554909,0.55762769386858,-1.04570821411754,-0.83918797379925
890,0.355180917282147,-0.0253662819580314,0.436047087348503,-0.255018295803052,-0.221673117874991,0.11593512050699,-0.190788278529021,-0.118661779411856,0.520616613002572,0.181598561394974,0.474760081638821,-0.648263008738395,0.142340811423302,-0.175310734594218,0.507121508009919,-1.13677403608157,0.0183603207636603
891,0.364176289707558,-0.197706009499085,-0.0465767489029429,-0.365278195579968,-0.184634065268031,-0.1094649085699,-0.125364442413444,-0.489988614194074,0.0235957990609861,-0.39627286777257,0.00640578367669959,-0.454333104316083,0.0930318058057204,0.52094524634343,0.532732800838956,-0.559404334921882,0.625062876332662
892,-0.122118995351037,-0.248589563188708,-0.568827787395623,-0.231342857200646,-0.199225207204106,-0.128095090801208,0.0657987578125143,-0.795253086295814,-0.192196014444428,-0.310403145221531,-0.3344734191191,-0.120779603825373,0.205507903587001,0.107795003109355,0.554672544695998,-0.198858019390835,0.143560812978358
893,-0.260048039207343,-0.150385814465472,-0.579178176040721,0.0432922305872555,-0.1369322550924,0.150350605791041,0.242761798766969,-0.551667692146938,-0.0266138663827402,-0.322806549590015,-0.124729759304879,0.399284906503781,0.603095332324843,0.101273597227294,0.754727188682253,-0.0526571079383831,0.119398417519479
894,-0.191628691365579,0.00425791161438384,-0.320566322608191,0.489066917415401,0.0836184672490474,0.353671351331638,0.259398949068566,0.0613659861866061,0.25530105844474,-0.196546253839043,0.0432847954154129,1.28910712289292,0.184022498089144,-0.0552401439421604,0.331693107128508,-0.161068800752701,0.582036607525341
895,0.18726729867447,0.0442702016077072,-0.0480553758522426,0.365278195579968,0.48206888165726,0.263138736056256,0.158966799501459,0.23231409056358,0.238290133540308,0.211175910273665,-0.151908584333162,0.595885612976286,-1.02829150712743,-0.313411094449619,-0.622551425690439,-0.472055485282917,1.42152709723918
896,0.109307404320906,-0.296302331633576,0.25816826534774,-0.175198245657799,0.689150857596176,0.0320741245441705,0.106337166293871,-0.0206640565730408,0.0746285737742818,0.121171719599799,-0.392583028186303,-0.372280130218501,-0.611796921551475,-0.165720431826481,-0.693116805932681,-0.205052973265939,1.32657962882019
897,-0.381076686385603,-0.569775009504924,0.285966451994576,-0.69064636608731,0.376002503737327,-0.147807837675687,0.0551369220558569,-0.0144022212478769,0.0906792045308828,0.093184550768349,-0.362658867296578,-0.0692924754133281,0.434757180249134,-0.408546897905562,0.162264554567186,0.661001578473586,0.201088627499953
898,-0.0706000441873185,-0.405498135871959,0.0425844561398335,-1.15536140379738,-0.179022087600309,-0.145617532467411,-0.0483297499958371,0.0400757460810489,-0.0201661771044475,-0.115129035420281,0.0964527999320195,-0.0482228147951427,0.613300899936325,0.441153927315865,0.966781529308686,1.00544101392936,-0.828727101861416
899,0.184814015285722,-0.153224422208394,-0.0995115936878748,-0.374071929918004,-0.473089717388906,0.0477083720653085,0.029466502118674,-0.283348048463666,-0.217849586679337,0.166968904960352,0.330446926522317,-0.812072201150203,0.350212109615067,0.95135803455943,0.692042206233561,0.559404334921882,-1.36136294077702
900,-0.0888633760813352,-0.0432132731927892,0,0.912519047846994,-0.338402253363594,0.222051631459642,0.0493022031472685,-0.426430985643661,-0.231979629140277,0.409948416178846,-0.160236103112871,-1.42146020226913,-0.463117915506305,-0.212904721443743,0.23059118543626,0.248417650391666,-1.07656186063836
901,0.0975861614635522,-0.168595181156773,0.170337824559334,1.03360200527072,0.0117851531022147,0.194332941410088,-0.115241556596134,-0.211650033990539,-0.0598126069220346,0.340616566119119,-0.48629049225688,-0.561016808432106,-0.589237245778725,-0.56928037229282,0.139160661036097,-0.00061949538751039,-0.287893161903346
902,0.161098942527819,0.489810825427701,-0.0563356867683214,0.340926315874637,0.293506432021824,0.0472300295485587,-0.11481976968708,-0.136194918322315,0.229098746696784,0.462106321728366,-0.288443287842244,0.775719617689249,0.437442855936367,-0.385530171262995,0.178383550053992,-0.393999066456608,0.066265950605224
903,-0.239058836881383,1.19390633749134,-0.376458421291722,-0.296281203081529,0.340647044430683,-0.0986644380601287,0.0199059988467703,-0.254230514201654,0.161878156348626,0.143434240261179,-0.102034982850286,0.7412959468201,0.809462652131759,-0.528233876446909,-0.0471928367863725,-0.455329109820137,-0.220567603167572
904,0.0741436757488441,0.983486989058531,-0.208190674461408,-0.457274185577886,0.113923146654742,-0.21802348395017,0.153483569683749,-0.113026127619208,-0.203993913974921,-0.608720922084028,0.313517355376754,0.427031572247448,-0.0186923027831355,-0.75686669442974,-0.314589061917508,-0.289304345967352,-0.282633517501296
905,0.12484486578298,0.30693201169218,0.152594301167737,-0.279370175508383,-0.043212228041454,-0.191337006699918,0.145610214048064,0.188481243287433,-0.204679838366229,-0.552746584421128,0.67086857334121,0.238443271925521,-0.762517041118941,0.0398956595137825,-0.467003119242756,-0.188946093190669,0.233030857633973
906,-0.45603812326403,-0.0786958699793212,0.102025259501684,0.466067919915922,0.0106627575686705,0.0292292453656059,0.00414757127237002,0.420169150318497,0.167777106113872,-0.376872671196224,0.434861200452521,0.191110724480442,-0.528863256329748,0.768375057751023,-0.307872813798005,-0.0805344003763507,0.828378045036888
907,-0.0444316880406676,-0.0783636924774898,-0.0765928759737283,0.821875940054928,-0.0634153476452507,0.271094327387463,-0.115944534777892,0.67095565509131,0.581252329194176,0.34220674616636,-0.0268127802467569,0.747824574053905,0.284574195819115,1.07718280687213,0.129310163794159,0.0136288985252286,1.49007904907327
908,0.598601146854639,-0.1231472593153,0.052343394005212,0.223225563965536,-0.338402253363594,0.314497616802023,-0.263195031250057,0.64496903849188,0.641613675629257,1.0037216458188,-0.0879422587615472,-0.105941814657637,0.327007871677382,0.773745627300956,0.409780685264593,0.213106413303574,0.637205640464083
909,-0.0970409873771636,-0.138789799856086,0.0369656737324943,-0.0290869674258123,-0.655478991589848,0.138492746560033,-0.328618867365634,0.270824377813338,0.255849797957786,0.520942983476299,-0.0182107278809031,-1.74789156395933,-0.348600704202728,-0.466088714511979,0.372348795745231,0.556926353371841,-0.367971250933664
910,-0.447860511968202,-0.36648237838413,-0.257281089178161,0.0311162907345899,-0.595992028312002,-0.049797973585847,-0.239762425191469,0.0447721225749218,-0.060910085948127,0.316445829401049,-0.0981915126442666,-0.810736800125106,-0.243429644290719,-0.815175735257576,-0.104952570614096,0.484445393033125,-1.28776491114743
911,0.0427961657815019,-0.217244086197712,-0.0592929406669209,0.558740351016766,-0.0145911419360754,-0.0961468458667088,-0.0199411477558581,0.313091766258194,-0.163935929522549,0.00858697225510384,0.123814647351065,1.077520249361,0.346989298790389,-0.718121871248086,-0.275634822824392,-0.219301367178678,-1.74237009997668
912,0.0994942707659121,0.163672914538726,0.424070209059175,0.551975939987507,0.440540246916122,-0.075124951051652,0.185258183499194,0.484666054167685,-0.269156731149156,-0.00604268417951751,0.279841235476391,0.815188136875427,0.699349948955242,-0.644084733881162,0.0252530929293303,-0.864815560964504,-0.412080037233236
913,0.311839577414256,-0.307898346242962,0.38976606383542,-0.24554812036209,0.56905453550694,-0.143678986478478,0.189335456953389,-0.106138108761528,-0.375612196680117,-0.110358495278557,0.0677182845822528,-0.33132783211555,0.0890570057886169,0.0537056954993227,0.479540115732495,-0.830743314651433,0.443664062846637
914,0.0556077568116331,-0.522424616516599,0.0544134717342317,-0.0581739348516245,0.507322781162006,-0.275525289647882,0.101181992960982,-0.438954656293988,-0.233351477922892,0.0680597060219341,-0.0559133403780493,-0.691144219433153,-0.602558197187397,0.47184289617262,0.469600068515631,-0.400813515719222,-0.0101265356821471
915,-0.102220141197855,-0.251246983203358,-0.0212922280699167,0.503948621679771,0.141421837226577,-0.379350791704522,-0.0201637575134147,-0.0253604330669137,0.0288088244349249,0.288458660569599,-0.00658880606746243,-0.565616523074104,-0.258039720029261,0.357526487181205,-0.274022923275711,0.0538960987134039,-0.377509489453469
916,0.227337594024029,0.0164276873632965,0.0798458552621878,0.485684711900772,-0.164992143431006,-0.424365340122871,-0.289486415247793,0.0150284047803933,0.127581936783239,0.200362685952423,-0.0721108219605611,-0.586982939475644,0.511030369766526,0.355608426627658,-0.690519856659807,0.497454796170843,-0.42908672766782
917,0.237423314622218,0.0575874996356736,-0.12982344614852,0.738673684395046,-0.086424456082908,-0.346823500565535,-0.465090365050849,-0.478091127076263,0.0176968492957396,-0.259199347700357,-0.112924815100676,0.402400842229006,0.139869989791048,0.13196256608405,-0.545538447253475,0.659762587698565,0.28114773907303
918,0.121301234221455,-0.148151165816788,-0.266744301653679,0.754908270865267,0.221111920108219,-0.0862778844685025,-0.216376684344999,-0.443024849255345,-0.193979417861828,-0.0445250413227606,-0.0243419779714584,1.23806512815591,-0.173816930477662,-0.560073681635793,-0.0588343335268439,0.343200444680756,0.731749486853791
919,-0.336372411301741,-0.377595225718124,0.045837435428293,-0.619620050280094,0.385542865772453,0.224669927340798,0.209909285072829,0.0538517837964094,-0.150491811452917,0.632891658802098,-0.174054293615466,0.241559207650745,0.120318270787999,-0.31916527611026,0.571866139881925,-0.0390282094131546,0.75033616093779
920,-0.580610402003816,-0.388828864870967,0.256098187618721,-1.32988320835225,0.406868380909794,0.340177057174907,0.416350544448986,0.245777036512683,0.0637909683916195,0.425850216651261,-0.440717916956932,0.125527696359048,-0.0375994596212496,-0.351005081299144,0.73251879490043,-0.00433646771257273,0.885188848695133
921,-0.515734685723578,0.0505513761877911,0.0823595210759974,-0.15219924815832,0.525281109698714,0.320640541753968,0.375999596816098,0.104259558163979,0.185199585653089,0.434755224915813,-0.367325938261031,0.33355350049071,-0.157488022299291,-0.59728405637461,0.0638491321227393,0.117084628239464,-0.351201076588803
922,0.212890480734733,0.53100083565479,-0.209965026800568,0.479596741974439,0.331106682395557,0.42879630238329,0.178134671257384,0.0594874355890569,0.327460304410313,0.228667890793321,-0.088308303543073,-0.272570187011314,-0.0330875244666996,-0.0817093795811123,-0.516792905302003,0.0520376125508728,-1.00570773862135
923,0.575703835226319,0.48389202630416,-0.249444366346872,0.426834335946222,-0.122902310923096,0.660515487865664,-0.11149233962676,-0.120853421775663,0.56122333696799,-0.419489496462295,0.0318458959927351,0.0873945781979663,-0.0299721406695104,-0.0264692356389519,-0.544553397529281,0.0669055018511221,-0.85446262019764
924,0.465306082732636,0.250159856833729,-0.0674253888880697,0.694705012704865,-0.402939996542389,0.75155162157973,-0.287424345914637,-0.505330110740726,0.447908627523952,-0.445250413227606,0.205534144826675,0.784028779623181,-0.258362001111729,0.240141181304114,-0.812039172635343,0.182131643928055,-0.103339396302752
925,-0.119938299005483,0.156244217679589,0.237023899972754,0.313868671757602,-0.226723897775941,0.509359252572729,-0.169839528712644,-0.324676161609748,-0.0075451683043851,0.196546253839043,0.259159705320189,0.0599446682376543,-0.327115298704871,0.344483675417084,-0.676460510596315,0.0916853173515377,0.358466915059458
926,-0.421692155821551,0.312488435359177,0.0856125003644569,-0.0459979949989589,0.224479106708852,0.0147279143315068,0.0638890004187394,0.100815548735139,-0.261337193088248,0.673600268011479,0.334015863142193,-0.707910921192694,0.155984043914441,-0.123523099648442,-0.0390437890680425,-0.293021318292414,-0.439198542781125
927,-0.0250780079738737,0.227873766256315,-0.4552692376894,0.442392481313517,0.364778548401885,-0.389521864165938,0.257711801432348,-0.095179896942491,-0.637360944403149,0.698089040738997,0.226032652592114,-0.32005111234807,0.779490511462248,-0.374021807941711,0.682639458866257,-0.359926820143537,-0.753001029246427
928,0.109579991364101,-0.148513541273331,-0.502289574677133,0.482978947489069,0.219989524574675,-0.45175674318728,0.228749100343933,-0.528498901443832,-0.950691206352523,0.352065862459257,-0.155477520953037,-0.603452885451832,0.239454844273615,-0.463787041847722,0.943140335928036,-0.102836234326725,0.164768582842768
929,0.232516747844721,-0.050611772097215,-0.0425844561398335,0.090643107792066,0.223356711175308,-0.274216141707303,0.161216329683083,-0.454609244606898,-0.824892672986684,-0.352701934478154,-0.509808869469906,-0.33577916886587,-0.375779742157517,-0.619533558795758,0.760458387077562,-0.579847682709725,0.755215333401104
930,0.301481269772874,0.0468370277582222,0.181131801289222,-0.0311162907345899,0.494415232526247,-0.0974811697292214,0.254478101796262,0.249534137707781,-0.195625636400967,-0.51903476741961,-0.541929299048785,0.474512497584204,-0.266204174118447,-0.761086427647544,0.265515675657674,-1.26562907668373,0.88821801998845
931,0.152921331231991,-0.0116262125640977,0.107644041909024,0.196167919848501,0.757616985142376,0.0395513733586278,0.213002389072562,0.956495345918784,0.455865350463122,-0.704131724918515,-0.142940487185782,0.590544008875901,0.0438302272156281,-0.65214058820606,-0.619148526643225,-1.07420500194302,0.919947686552775
932,-0.0152648744188797,-0.0669488655963757,-0.0233623057989364,0.0344984962492192,0.67175372682624,0.170743102557743,-0.0108375803020968,1.04134321457475,0.264903999923048,-0.54320550413768,0.300522765632592,0.418128898746806,0.225704184754987,-0.216740842550838,-0.726429396605415,-0.380370167931379,0.227948830997692
933,-0.0776873073103698,-0.202749067935979,-0.013159779848768,0.0162345864702208,0.200908800504423,0.209665077868015,-0.142095323139276,0.807463665179883,-0.288636983862296,0.31072118123098,0.486382003452262,0.198232863280956,0.398876553067713,0.204848867118845,-0.255754728390664,0.0737199511137364,-0.598357621967834
934,-0.343187087381598,-0.331211167280581,0.177730959305833,0.469450125430551,-0.206520778172144,0.184665387387355,-0.0793076552052901,0.663754544467372,-0.203582359340136,0.730210677693274,0.456091797781011,-0.178646981579544,0.447111288410402,0.63909777644194,0.114265768006473,0.145581416064942,-0.86781263948424
935,-0.265772367114423,-0.48715340541305,0.161466062863535,0.326721052713194,-0.327178298028152,0.119056934826831,-0.0434674842386802,0.386981423095128,0.42554749236732,0.644977027161133,0.492238719956673,-0.211735251423596,0.34376648796571,0.679760660177141,0.237844733405323,-0.0805344003763507,-0.935191439416122
936,0.052609299336496,-0.236389589485083,-0.176104469661603,-0.162345864702208,-0.431561082647768,-0.0432270579610209,-0.111820396111581,-0.0504077743675693,0.650119138081473,0.415355028339467,0.558035269435916,-0.542469571972436,0.112368670753792,0.285023798257119,0.383900742510776,-0.15921031459017,-0.576071346758581
937,-0.0171729837212396,0.134954659607669,-0.339049159474438,-0.255694736905978,-0.527525900765802,-0.265454920874202,-0.249182332827022,-0.342835484052723,0.0393720600610641,0.0699679220786238,0.198304760391543,-0.419761055555257,-0.0504907029199637,-0.313027482338909,0.503002209163291,0.273197465892082,0.0170448820657637
938,0.339370868776878,0.463115833462344,-0.289367293977966,-0.233372180509424,-0.490486848158842,-0.410669638590666,-0.420662143963766,-0.517540689624795,-0.74738321676891,0.0721941741447619,-0.538817918405817,-0.548107931856175,0.272327514685336,-0.535138894439679,0.157607955870997,0.696932310949189,0.0361611315226343
939,0.214253415950704,0.338458676411447,-0.105426101485074,0.0974075188213248,-0.262640554849357,-0.510466993137834,-0.33747639245578,-0.625557348983872,-0.758632376786357,0.157427824676904,-0.721840309168662,0.111728552433054,0.0478050272327316,-0.95097442244872,0.0558791843542627,0.733482538812302,0.52541036264788
940,0.0809583518287011,-0.10650818626902,-0.0167084845270874,0.658177193146868,0.170042923331955,-0.655178192415614,-0.00956050327190378,-0.597692181786893,-0.204131098853182,-0.23439253896339,-0.425344036132853,1.53778846934418,-0.321636520302918,-1.05378246811885,0.037073689619655,0.639319239910722,1.4632662691579
941,-0.218342221598618,-0.287484528857689,-0.209965026800568,0.622325814691797,0.515179549896815,-0.649538785902353,0.0537778309044588,-0.381658863068739,-0.181495593940027,-0.237254863048424,-0.207272857538922,1.29266819229318,0.18165910348438,-0.395120474030731,-0.0608044329752314,0.339483472355694,1.41481999041661
942,-0.20444028239571,-0.419147611401757,-0.415198447363376,0.435628070284258,0.551096206970232,-0.331415836341805,0.000210893454527289,-0.056356517926475,-0.537764722785266,0.0381643211337948,0.149071737276338,-0.281917994186988,0.149430995237595,0.40931412212698,-0.0887440251523627,-0.232310770316396,-0.186033485686273
943,-0.025350595017068,-0.556850284888213,-0.210112889495498,0.582415789619171,0.342891835497771,0.0455684187009015,0.21370536725432,0.0572957932252496,-0.42376408894992,-0.192729821725664,0.356070061229116,-0.673784006106901,-0.632960045966864,0.62490412834569,-0.473002967562845,-0.328952050768017,-1.03248320556582
944,-0.101129793025078,-0.35561111468783,0.211295791054938,0.344308521389266,0.177899692066765,0.173638333580176,0.177900345196798,0.00250473413006555,0.214008410088014,-0.445250413227606,0.184212036302804,-0.706723898059275,-0.754030305947288,0.743823882665619,-0.730727795401897,0.114606646689422,-0.556363678688686
945,-0.248599383393183,0.0484677173126671,0.317461206014661,0.347014285800969,0.344014231031316,0.130260220087549,-0.196693295255785,-0.108016659359077,0.558891194037544,-0.356200330582085,-0.0620445904686046,-1.08063618508623,-0.401239947672478,0.554319499975152,-0.216800489297548,0.151776369940046,-0.406258812558437
946,-0.168731379737259,0.662059959104619,0.279016905332867,0.74137944880675,0.689712055362948,0.15838172488805,-0.155451908592671,-0.285226599061215,0.455453795828337,-0.46878507792678,-0.231340301924237,0.190072079238701,0.70858867331932,-0.329522803099415,0.517598855076343,-0.0669055018511221,0.086948169280612
947,-0.106581533888963,0.579921522288137,0.302379211131804,0.162345864702208,0.672314924593012,0.249543738211788,0.170261315621698,-0.119914146476888,0.396875852810656,0.0664695259746927,-0.272245806259733,1.05600545506779,1.21349570251896,-0.375556256384549,0.604730980680026,0.0718614649512052,0.198355592806848
948,0.394160864458929,0.08038695544319,0.276355376824128,-0.882755639318256,0.218867129041131,0.266260550376096,0.12709845526178,0.298063361477801,0.397013037688918,0.0845975785132452,-0.167099442766478,0.20194231057289,0.113550368056174,-0.215206394108,-0.0701176303676085,0.282489896704738,-0.522905177806096
949,0.426598722599048,-0.20758074068989,0.0334169690541749,-0.485684711900772,-0.193613229536385,0.254578922598628,0.0327470669668763,0.494684990687947,0.414847071862919,0.445568449237055,0.00741240682589524,-0.178350225796189,-0.78668812230403,-0.226331145318574,-0.35336420106077,0.0192043570128221,0.103538559300103
950,-0.252960776084292,0.14289672169691,-0.293655312130935,0.482978947489069,-0.237386655344611,0.282876658852668,0.162950342531419,0.336573648727559,0.132932147035439,0.862831693633211,0.0215966421100158,-0.0638024934212657,-0.934615139156775,0.246662587186175,-0.254680128691543,-0.0371697232506234,0.8042718597632
951,-0.459581754825556,0.351021025571615,-0.0291289509012055,0.790759649320338,0.078006489581326,0.295162508756558,0.182774327256984,-0.0598005273553151,-0.327871859045098,0.421079676509536,-0.0214136197192529,-0.310703305172396,-0.728677527459817,0.156897353280164,-0.403870386919431,0.736580015749854,0.603244818725965
952,-0.0455220362134447,0.0893557479926367,0.470646957962118,0.307104260728343,0.21606114020727,0.275625993335619,0.0959799544159752,-0.459618712867029,-0.430211778228212,-0.566422132827405,-0.335937598245203,-0.421541590255386,-0.264055633568661,0.109329451552193,-0.535687950011537,1.18571417169489,-0.111582553760611
953,0.232516747844721,-0.158267480645289,0.416972799702536,-0.321985964992712,-0.0190807240702524,0.30483006277929,0.0228585072101523,-0.350975869975436,-0.369438877158347,-1.16782822669412,-0.66446278966451,-0.167370261812064,0.50898925624423,-0.0997391487844563,-0.362856498403001,0.31718163840532,-0.0315768960274564
954,0.131659541862837,-0.135649212566044,0.091822733551516,-0.388953634182373,-0.270497323584167,0.382371902336625,-0.0260101927250324,0.155919699596581,-0.290283202401434,-0.626212902603683,-0.409421088136485,-0.213664164015401,0.793133743953388,-0.142320093073205,0.151429007601055,-0.807202489926038,-0.137289706214659
955,0.195990084056687,-0.00359355661072111,-0.115628627435242,-0.055468170439921,-0.298557211922773,0.356591758276005,-0.122505664474297,0.193177619781306,0.0515815142263418,-0.0601088057857269,0.297685918575768,0.157280565178004,0.0814296868368777,0.061761549824221,0.229964335611773,-0.753306391212634,-0.239815800116261
956,0.0902263112973066,0.126287846605342,-0.0248409327482362,0.0615561403662538,-0.0925976315174015,0.0927480964055918,-0.310622625912639,-0.224173704640867,0.528710520820003,0.116083143448626,0.832385833189421,0.792634697340468,-0.559587386191683,0.487187380600998,-0.00922364741745041,-0.0706224741761845,-0.0790296747910378
957,-0.21398082890751,0.360684371079437,0.145053303726308,0.187374185510465,0.278915290085749,-0.224972038404009,-0.333680310274289,-0.230748631732289,0.693743929368645,0.635117910868236,0.728978182408413,-0.017211835434574,-0.582254488991922,0.683596781284235,-0.142742660033165,-0.104075225101746,0.276959979972599
958,0.0130841780733254,0.152137295838764,-0.123761075656391,0.44509824572522,0.666141749158518,-0.315101838928444,-0.0147976907259981,0.180653949130978,0.22608067937503,0.364787302837189,0.230150656384278,-0.523328823946056,-0.269964120080572,0.235154223864891,-0.354438800759891,-0.81029996686359,-0.208440325925147
959,0.156192375750322,-0.538248344785656,-0.314799677505922,0.172492481246096,0.82720550822212,-0.269885883134621,0.307482656700788,0.226991530537191,-0.683180693742506,0.126896367769868,-0.209743659814221,-0.0940715833234475,-0.0814296868368777,0.0725026889240856,-0.364647497901535,-1.09340935895584,-0.244996966915004
960,0.140654914288248,-0.47797322718062,0.0115332902045382,-0.529653383590953,0.709915174966744,-0.320237727003021,0.222047375011177,-0.219164236380736,-0.857679858891194,0.224533422670493,-0.280481813844061,0.167667017595419,-0.0421113947757995,-0.154212068505198,-0.0623267825489853,-0.280631410542207,0.472680715333424
961,-0.206893565784458,0.00404652593140024,0.148454145709697,-1.1140984965189,0.533137878433524,-0.455885594384489,-0.0294782184217033,-0.422673884448562,-0.171481097826934,-0.4557456015394,-0.148431158908668,-0.091400781273255,0.242999936180762,-0.20101274601175,0.176234350655752,0.743394465012468,0.584099653722723
962,-0.360360071102838,0.146339288534072,-0.0576664510226912,-0.931459398728918,0.360288966267707,-0.491635403531052,0.114538578414377,-0.0616790779528643,0.291106311671003,-0.769011070845966,-0.209652148618839,0.311296816739106,0.399628542260138,-0.196409400683237,0.105042120589023,0.73100455726226,0.765119319278657
963,-0.234424857147081,-0.0265440021917971,-0.0573707256328312,-0.260429824626459,0.194735625069929,-0.456288409135436,0.231842204343667,0.397626543147907,0.249950848192539,-0.374646419130086,-0.150810449988585,0.101193722123961,-0.508559548134273,-0.228632817982831,-0.0706549302171687,0.161068800752701,1.2902708984187
964,0.0735985016624556,-0.111188869249371,0.274728887179898,-0.269900000067421,-0.115045542188287,-0.39073030841878,-0.0964954717492642,0.523489433183701,-0.21099034276626,-0.0413446812282777,-0.080987407912559,0.0408039202112746,-0.941920177026047,0.440386703094446,0.0379691893689221,-0.0192043570128221,0.0379267371718971
965,0.161098942527819,-0.396559541277224,0.341119237203458,-0.566857644251876,-0.466916541954412,-0.135169524864718,-0.205644550770166,0.0820300427596469,-0.51951913397648,-0.436027368953606,-0.180277054901403,0.779874198656215,0.312397795938839,0.634110819002717,0.182950598775254,0.124518572889588,-1.73693203537938
966,-0.310749229241479,-0.455022781599544,-0.214844495733257,0.169786716834393,-0.543239438235422,0.206442559860438,0.155311312956319,-0.391990891355259,-0.127444751904977,-0.199408577924078,-0.186591327382721,0.508045901103288,1.29342141097099,0.550099766757348,-0.050058435984027,0.296118795229966,-0.844743594315614
967,0.258685103991372,0.126710617971309,-0.440039380111613,0.60879699263328,-0.286772058820558,0.43665119002676,0.36236182009,-0.356611521768083,0.44063782897609,0.441433981114227,-0.0169295711455632,-0.619180941969632,0.381795655696917,0.207917764004521,-0.310290663121026,0.300455262942539,-0.0666277660585105
968,0.642215073765723,0.437145592410074,0.0189264249510371,0.307104260728343,0.237947853111383,0.614493902569947,0.204285459618768,-0.0976846310725566,0.504017242732925,0.630347370726511,0.48629049225688,-1.08093294086958,-1.13013232918727,0.216740842550838,-0.16539880368962,-0.0644275203010806,0.154572833605679
969,-0.143380784720191,0.4195099868583,0.189559974900231,0.20293233087776,0.636959465286368,0.566156132456283,0.114163656717439,0.110834485255401,0.402774802575903,0.205769298113044,0.773452623363785,-0.660578373747616,-1.10563896691972,0.0870799491310446,-0.084714276280661,-0.451612137495074,1.06735919812779
970,-0.398794844193231,0.594416540549869,0.0343041452237547,0.0818493734540298,0.708231581666428,0.148865226396923,0.0477908000564896,0.236071191758679,0.141986349000702,0.039436465171588,0.414179670296319,-0.192297747613861,-0.501791645402448,-0.294614101024856,-0.626849824486921,-0.465860531407813,1.60717838576333
971,-0.152921331231991,0.42385849233682,0.158804534354796,0.119730075217878,0.46635534418764,-0.392845085861253,-0.331993162638071,0.37978031247119,-0.169697694409534,-0.252202555492494,0.0926093297259998,-0.0399136528612104,-0.163826216921159,-0.142703705183914,-0.823143369526254,-0.334527509255611,0.293421018359645
972,0.0850471574766153,-0.195531756759825,0.248409327482362,-0.251636090288422,-0.0712721163800605,-0.762931138293989,-0.648427074853239,0.358490072365633,-0.179026266131319,-0.412174668244984,0.0458471088860928,0.574964330249778,0.614912305348664,-0.247046199296884,-0.133160812716007,-0.196380037840794,-0.718653436498143
973,-0.314292860803005,-0.566513630396034,-0.0442109457840632,-0.78061303277645,-0.391716041206947,-0.832618090207853,-0.495459022502778,0.011271303585295,-0.16050630756601,-0.529529955731403,0.000640578367669959,0.607755844310475,1.23025431880729,0.193340503797562,0.695445105280776,0.232310770316396,-0.699274764515733
974,-0.616319304662267,-0.295335997082794,-0.167232707965804,-0.73326215557164,-0.45569258661897,-0.573003983222386,-0.122786855747,-0.355985338235567,0.0941088264874215,-0.134529231996627,0.110454012825377,-0.213219030340369,0.762517041118941,0.584241244610489,0.609208479426361,0.622592864447942,-0.25114425880968
975,-0.318381666450919,-0.17104121548844,-0.162205376338185,-0.558740351016766,-0.381053283638276,-0.0659860913895375,0.193084673922763,-0.407645479668169,0.285070177027495,0.315491721372704,0.06689468382382,-0.00163215680845098,-0.113765222111152,0.125441160201989,-0.081400927208373,0.205052973265939,0.264460094600359
976,-0.0572432790707988,-0.139454154859749,-0.39390621929346,-0.259753383523533,-0.172287714399044,0.431716709327657,0.290048797793199,-0.14746622190761,0.0369027322523562,-0.00254428807558632,-0.111735169560717,0.63787655632098,-0.670129797478157,0.296915773689112,-0.795203777349123,-0.400813515719222,0.131317705040254
977,0.417058176087248,0.318528026301566,-0.625015611469014,0,-0.255906181648091,0.669880930825186,0.0581480119343854,0.0497815908350529,-0.259279419914324,0.432210936840226,-0.229693100407371,0.606717199068733,-0.93547455537669,0.107795003109355,-0.686758757712885,-0.299835767555029,-0.545183027505791
978,0.53754164917912,0.333264628200993,-0.386956672631751,0.258400501317681,-0.501149605727512,0.586598981066854,-0.0570349631466025,-0.137447285387347,-0.604299388742116,0.350157646402568,-0.168655133087962,-0.186956143513476,-0.43239378564437,0.0843946643560784,-0.0505061858586605,-0.239125219579011,-0.814999940718431
979,0.372899075089775,-0.076672607013621,-0.0409579664956037,0.581739348516245,-0.70093601069839,0.327286985144596,0.109570865929956,-0.373518477146026,-0.755614309464603,-0.621124326452511,-0.119696643558901,-0.853469632928187,0.528970683357237,0.417369976451879,0.406019586317671,-0.775608225163008,0.0947019651190727
980,0.0842293963470325,-0.265138042370852,-0.0890133423478464,0.69876365932242,-0.717210745934782,0.105210177763021,0.17504156725765,-0.0673147297455118,-0.17106954319215,-0.147886744393455,0.072293844351324,-0.94665094890157,1.02098646925816,0.0433481685101676,0.264888825833188,-1.14544697150671,0.83827681512281
981,-0.178271926249059,0.0272083571954599,-0.0433237696144834,0.0114994987497397,-0.327739495794924,0.0832819497583327,0.170495641682284,0.440833206891538,0.687844979603398,0.294501344749117,0.331453549671513,-0.790705784748662,0.379217407037174,-0.211370273000906,-0.176144800680825,-0.734102034199812,0.331484220701342
982,-0.27831137110136,0.0935532636975967,0.274433161790038,-0.45659774447496,-0.00505077990094917,0.25105429352784,0.249322928463373,0.385415964263837,0.904048347743597,-0.68441349233272,0.242870712542296,1.09250641642042,-0.84534327931318,-0.105109718334389,-0.422675881654038,-0.0501791263883416,-0.462614638700574
983,-0.173092772428368,-0.135951192113163,0.275616063349478,-0.916577694464549,0.00897916426835408,0.424969562249291,0.322573255002518,0.0172200471442007,0.553403798907082,-0.785548943337277,-0.160968192675923,1.18999069125244,-1.38494923839186,0.136565911412563,-0.184831148248715,0.278772924379675,-1.15955032127723
984,-0.032165271096925,-0.0150989773559711,0.0799937179571178,-1.03360200527072,-0.204275987105055,0.44702366986365,0.0196599564831551,-0.107390475826561,0.113314709444038,0.44461434120871,-0.17368824883394,-0.614136093652602,-0.523384477927794,-0.040279271624492,0.72410109725732,0.363024297081089,-1.42317929954195
985,0.334464301999381,0.181580301682908,-0.0768886013635882,-0.247577443670867,-0.670070133525923,0.344205204684379,-0.393105399238867,-0.0723241980056429,0.0935600869743753,0.24934023140746,0.121801401052674,-0.375396065943726,0.657345981206932,0.165720431826481,0.823501569425961,0.509844703921051,-0.182396594425011
986,-0.255141472429846,0.156999166547387,-0.39434980737825,0.396394486314558,-0.913629964305028,0.218426298701117,-0.313153347366966,0.0115843953515532,0.462313039741415,0.429348612755192,0.279932746671772,-0.141849264443558,1.11165488045912,0.157280965390873,-0.223606287391977,0.654187129210972,0.716458390651026
987,-0.198170780402241,0.351383401028159,-0.511013473678002,0.560769674325543,-0.532015482899979,0.123991415525934,-0.243745968221429,0.279277855502309,0.364774591297454,0.977324657034596,0.142757464795019,-0.226721418483009,1.16021189688427,0.0506367986136471,-1.37548761487416,0.551350894884247,0.730892090952624
988,0.176636403989893,0.325896327251279,-0.163979728677345,0.23404862161235,0.098770806951895,-0.015508367911467,-0.265866348340736,0.564191362797266,0.0171481097826934,0.229940034831114,-0.150444405207059,1.01876260425677,0.700746500312603,0.0118919754319929,-0.975020127001943,0.226115816441292,0.602567969458174
989,-0.512191054162052,-0.110524514245708,0.0810287568216276,0.178580451172429,0.376563701504099,-0.197782042715073,-0.0918558157496638,0.311213215660645,-0.212499376427137,-0.51903476741961,-0.360279576216661,0.64574058457988,-0.636075429764054,-0.318014439778132,0.34548380326722,0.098499766614152,0.17507891900984
990,-0.495018070440812,-0.637297636240827,-0.00857603630593869,0.631119549029833,0.320443924826886,-0.392845085861253,0.0917152201133123,-0.223547521108351,-0.430211778228212,-0.496772246758229,-0.343350005071098,-0.391717634028236,-0.843087311735905,-0.247046199296884,1.13441908237147,0.229832788766355,-1.47236862798326
991,0.579247466787845,-0.745043938653036,0.0814723449064175,0.717027569101419,0.154329385862336,-0.570184279965755,0.06885671290316,-0.267693460150756,-0.311135303897189,-0.229621998821666,-0.171308957754023,-0.130869300459433,0.253312930819733,-0.0138100359855401,0.415243233735122,0.0322137601505403,-1.64693876658024
992,0.41078867409378,-0.438715886055095,0.279312630722727,-0.13258245617347,0.198102811670562,-0.512883881643517,0.0195193608468036,-0.0663754544467372,-0.264766815044786,-0.637662198943822,0.0162889927778932,0.224198994324494,0.933755722936861,-0.281571289260734,-0.362229648578514,-0.63498277219815,-0.412193179790152
993,-0.0577884531571873,0.112608173120832,0.229482902531325,-0.660882957558572,0.414725149644604,-0.245314183326842,0.0400463237541264,-0.117722504113081,-0.538450647176573,-0.421079676509536,0.231248790728855,0.369460950276632,0.532300921209405,-0.0809421553596934,-0.278321322072193,-0.760740335862759,0.346620608500042
994,-0.136020934553946,0.497299918196263,0.107791904603953,-0.0832022556598816,0.494976430293019,-0.0910361337140662,0.101744375506388,-0.162807718454261,-0.534335100828727,0.286232408503461,0.471831723386615,0.0633573597462336,0.127086173519824,0.351388693409854,0.0939379236981115,-0.219301367178678,0.774487282262451
995,-0.48847598140415,0.326621078164366,-0.0768886013635882,0.449156892342775,0.598798017145863,-0.161428011442089,0.258649105674691,-0.0407019296135653,-0.183964921748735,0.445886485246503,0.639663255716145,-1.56212244357927,-0.0185848757556462,0.519027185789882,0.160204905143872,-0.139386462189838,0.862835971838902
996,-0.133840238208391,0.259460826885007,-0.121986723317231,0.254341854700126,0.592624841711369,-0.307851173411394,0.278051303491202,0.083908593357196,0.217986771557599,0.0031803600944829,0.523810082363264,-1.52354419174315,-0.224092779342647,0.00268528477496613,0.257456177914271,-0.758881849700228,0.0761566161533807
997,0.186722124588082,0.254508362312248,-0.0147862694929977,-0.114994987497397,0.408551974210111,-0.442693411290968,0.069934612781855,0.155293516064064,0.424724383097751,-0.0839615064943486,0.234726216153349,0.118405557558535,-0.068323589483185,0.0187969934247629,0.244202781625119,-0.823309370001308,-0.0261187385959355
998,0.166550683391705,0.353920029223962,0.0229187177141465,0.00338220551462933,-0.0791288851148703,-0.469178481165746,0.0377030631482676,-0.121166513541921,0.20660042666189,0.37941695927181,-0.0975509342765966,0.903027848748425,0.491693504818455,-0.7146693622517,-0.447123024809028,-0.265144025854447,-0.0455191363565615
999,0.195172322927104,0.402236756763069,0.162501101728045,-0.133935338379322,-0.468038937487956,-0.221648816708694,0.0679545575699043,-0.479969677673812,-0.195762821279228,0.228667890793321,-0.483453645200056,0.550185222339658,1.06524640458375,-0.782185093736563,-0.808098973738568,-0.257090585816812,-0.391018269413017
1000,-0.00490656677749704,0.266104376921634,0.32810732004962,-0.248253884773793,-0.597675621612318,0.166840834657942,-0.140689366775761,-0.206014382197892,-0.171343912948673,0.0699679220786238,-0.801638071541263,0.836109419601935,0.553464045624794,-0.29883383424266,-0.636431671804078,-0.431168789707231,-0.0897719587480943
1001,-0.0564255179412159,0.0884800073059904,0.275763926044408,0.010146616543888,-0.403501194309161,0.423056192182292,-0.227952391737941,0.292114617918895,0.144730046565932,0.181598561394974,-0.906326879057611,1.24756131322326,-0.186923027831355,0.0828602159132407,0.0317006911240529,-0.1908045793532,-0.082707008498176
1002,-0.381076686385603,0.0261514287805419,0.203606930918579,0.0588503759545504,0.152084594795247,0.408252750084983,0.0385349206633475,0.294619352048961,0.283972698001403,-0.363833194808844,-0.788094414624812,0.584312137425452,-0.552389775349901,0.445373660533669,0.912693344452957,0.112128665139381,-0.275624456464776
1003,-0.06814676079857,0.191666418556697,0.19414371844306,0.430216541460851,0.453447795551881,0.179076332717963,0.141251749321167,-0.141204386582446,0.121957356774516,-0.123079935656488,-0.488395249750653,-0.348242911766769,0.0793885733145813,0.494092398593768,0.78660697975616,0.151776369940046,0.110305447119054
1004,0.136566108640334,-0.365153668376804,-0.160874612083815,0.702822305939975,0.35299339529967,0.0300852267113687,-0.0299117216337872,-0.328746354571104,-0.184650846140043,0.112902783354143,0.0815364750848476,-0.640398980479495,0.48954496426867,0.591913486824677,-0.117579117078761,0.073100455726226,-0.152743735723679
1005,0.0806857647855068,-0.909320812286001,-0.644533487199771,0.336191228154156,0.0521913923098081,0.160874141159536,-0.153296108835281,-0.0259866165994301,-0.0901304650178366,-0.526667631646369,0.86130337092995,-1.19919012053644,0.0960397625754204,0.464554266069141,-0.563537992213742,0.0216823385628636,0.41613912676628
1006,-0.0872278538221696,-0.6928618729108,-0.582283292634251,-0.16369874690806,-0.178460889833537,0.389622567853675,-0.251759919493466,0.242959210616359,0.19329349347052,-0.718125309334239,0.707198517907635,-0.807472486508204,-0.029435005532064,0.27044653805016,-0.18850269722071,-0.0768174280512884,1.05213711086044
1007,-0.148287351497688,-0.52991370928516,-0.0678689769728596,0.0250283208082571,-0.0836184672490474,0.452965187440122,-0.236903647252322,0.152162598401482,-0.0749029435308048,-0.0244887727275183,0.0244334891668399,0.353584515867154,-0.0267493298448318,-0.327221130435159,-0.0326857408482466,-0.00681444926261429,0.347711792230695
1008,0.0716903923600956,-0.364670501101413,0.385625908377381,0.48771403520955,-0.0325494704727835,0.381868383897941,-0.0232920104222362,-0.0892311533835854,-0.531865773020019,0.114174927391936,-0.188604573681112,0.531489607988311,-0.688499819178824,-1.04457577746183,0.160563105043579,0.272577970504572,-0.346160334949354
1009,-0.227882768110418,-0.241583637695537,0.397011335886989,0.580386466310393,-0.227285095542713,0.282675251477195,0.117819143262579,-0.387607606627645,-0.450926694845706,-0.118627431524212,-0.0819025198663733,0.541430926730694,-0.621035645915554,-0.343716451195665,0.416317833434242,0.0371697232506234,-0.466940134821534
1010,-0.243420229572492,-0.0971468203083178,0.19517875730757,0.165728070216837,-0.355238186366758,0.0549086857384896,0.0277793544824557,-0.591430346461729,0.0596754220437731,0.419807532471743,-0.0602143665609761,0.112767197674795,0.303588779684718,0.0487187380600998,0.206770892105757,-0.616397910572838,-0.353678216520203
1011,0.139019392029083,0.117349252010607,0.292620273266425,0.113642105291546,-0.362533757334796,-0.296572360384873,-0.190928874165373,-0.318101234518325,0.517598545680818,0.00190821605668974,0.0674437509961085,-0.205206624189792,0.82890694410732,-0.051404022835066,-0.295604467233047,-0.435505257419804,-0.491298684167208
1012,0.482479066453875,0.130545758219726,0.418155701261976,-0.147464160437839,-0.137493452859172,-0.481565034757372,-0.0868763869622139,0.035379369587176,0.493454007106786,-0.255064879577529,0.207272857538922,0.34423670869148,0.675286294797642,0.582706796167651,-0.0718190798912158,0.307269712205153,-0.166123926358788
1013,0.463125386387082,0.500682089124,0.0706783681765292,-0.620972932485945,0.243559830779104,-0.490124848215,0.226827626647129,0.0713849227068683,-0.0329243707827714,0.882549926219005,0.126651494407889,-0.149564914810781,-0.294994617485575,0.86811420653548,0.439063527065625,0.363643792468599,0.463756094638254
1014,0.040888056479142,0.794206208924078,-0.297499742199114,-0.716351127998493,0.411357963043971,-0.474515776615797,0.099682306173232,-0.0118974871178114,-0.363128372758316,0.560061412638439,-0.136168658727557,-0.521548289245928,-1.02528355035773,0.255102053621783,0.515091455778396,-0.00743394465012468,0.66491794382841
1015,-0.161371529571014,0.451157443396415,-0.19399585574813,0.0060879699263328,0.222234315641763,-0.467365814786484,-0.114397982778025,-0.355359154703051,-0.21455714960106,-0.62875719067927,-0.358449352309033,-0.183691829896574,-0.644562164935707,-0.164569595494353,0.179189499828333,-0.133191508314734,0.288337988686511
1016,-0.0433413398678905,0.266587544197025,0.0368178110375644,0.845551378657333,0.0179583285367082,-0.478443220437532,-0.0289041195732679,-0.687236426936737,0.194528157374874,-0.345069070251395,-0.3743723003054,-0.815781648442137,0.418428272070763,-0.357910099291914,-0.173189651508244,-0.419398377344534,-0.77772388157678
1017,-0.13629352159714,0.200725804970279,0.144166127556728,0.598650376089392,0.0460182168753147,-0.435140634710708,0.23676305161597,-0.273016020177145,0.464782367550122,0.00922304427400042,-0.0672607286053457,-0.0253726194768289,0.936763679706561,-0.619917170906467,0.085341126105148,-0.644894698398316,-1.13738681777867
1018,0.0735985016624556,0.0257588553692866,0.161022474778745,0.045321553896033,0.101576795785756,-0.280157659283775,0.420662143963766,0.358490072365633,0.273409462375264,-0.310085109212083,0.157765300837573,1.21313764235411,0.680335365089639,-0.110480287884321,0.928812339939764,-0.0879683450264754,0.333823382883368
1019,0.0223521375419309,-0.0123207655224724,0.0387400260716541,-0.0466744361018848,0.0746393029806933,-0.111856621153649,0.154936391259382,0.373518477146026,-0.0768235318264665,0.117673323495867,0.248086850679037,0.565468145182427,-0.120855405925445,-0.15267762006236,0.709235801419488,0.458426586757689,1.41841808421244
1020,0.0528818863796903,0.00667374799133921,-0.229926490616115,-0.336191228154156,0.103821586852844,0.0571996946345018,-0.266006943977088,0.0576088849915078,-0.196174375914013,-0.0464332573794504,0.174786383178517,-0.128198498409241,-1.05278486939499,-0.0065214058820606,-0.0182681948850474,0.192663065515731,0.796009644605151
1021,-0.154829440534351,0.0951235573426177,-0.304005700776033,-0.521536090355843,0.184634065268031,0.268778142569516,-0.24838562422103,0.0488423155362783,-0.119899583600592,-0.836752740858452,-0.0323034519696422,-0.674229139781933,-0.860705344244147,0.323385009328064,-0.0419989382406237,-0.185848616253117,-0.450821733823163
1022,-0.0196262671099881,0.047984550037276,0.0156734456625776,-0.69876365932242,0.241315039712016,0.423559710620976,-0.0683177629638125,0.248907954175265,0.0543252117915727,-0.358426582648223,-0.107159609791646,-0.917865637916162,-0.320777104083004,0.38898268025938,0.412377634537467,0.105314215876766,-1.14337093563825
1023,0.167641031564482,-0.28688056976345,0.52461684161156,-0.864491729539257,0.218867129041131,0.437356115840918,-0.118006604111048,0.146213854842577,0.311546858531974,0.818942724329347,0.0667116614330572,-0.141107374985171,0.687532975931421,0.0364431505173975,0.416407383409169,0.545775436396653,-0.659563331897204
1024,-0.104673424586603,-0.48715340541305,0.726005832106189,-0.573622055281135,0.0695885230797441,0.359814276283583,-0.213330445557382,-0.244211577681392,0.284521437514449,0.796362167658519,0.292469780439027,0.497956204469227,1.54265211474613,0.455347575412114,0.0224770437066025,0.313464666080257,0.72542313282028
1025,0.812309388718954,-0.352470527397788,-0.997629602692557,1.3467942359254,-1.05898018589901,0.173814565033715,0.250635154402654,0.212589309289314,-0.307156942427604,-0.47609990614409,0.957573148471207,0.341714284532965,-0.690863213783589,0.828602159132407,-0.45061547383117,-0.519137134733707,-0.076737976312853
1026,0.549262892036474,0.497783085471654,-0.840007969897201,1.20068295769341,-0.762106567276553,-0.162711983460733,0.295250836338205,0.247655587110232,-0.245423747209908,-0.864739909689901,1.0728772546518,0.466054957758594,-1.18083788616222,0.775280075743793,-0.0499688860091003,-0.570555251897069,-0.310592608052712
1027,-0.230881225585555,1.79593276262862,-0.574594432497892,0.740703007703824,-0.630225092085102,-0.66786685707045,0.256258979856715,0.320605968648391,-0.0227726897914169,0.44270612515202,0.763203369481065,-0.087691333981321,-0.652726619024893,-0.294997713135565,0.636342121829152,-0.828884828488902,-0.562506677585635
1028,0.164369987046151,1.51086407014789,-0.673070987321257,0.717704010204344,-0.67961049556105,-0.839063126223009,0.136658958533683,-0.200691822171503,0.0868380279395595,0.503132966947195,0.281396925797875,0.267376960802606,0.534771742841658,-0.818244632143251,0.642789720023874,-1.07792197426808,-0.356268017550829
1029,-0.176363816946699,0.223313875094812,-0.694806803475964,0.0446451127931072,-0.722261525835731,-0.627585381975731,-0.184367744468968,-0.651230873817044,-0.0326500010262483,-0.00540661216062093,-0.26053237325091,0.191704236047152,0.57204892138044,-0.112398348437868,0.296141767082607,-0.85924010247691,0.0442937462950982
1030,0.354908330238952,-0.981191944500423,-0.112079922756923,-0.79211253152619,-0.580278490842382,-0.292443509187664,-0.286018389551122,-0.389173065458936,-0.148708408035517,0.152339248525731,-1.1896455399585,0.0540095525705598,-0.613408326963815,0.14577260206959,0.203905292908103,-0.23788622880399,0.615999435337162
1031,0.686101587720002,-1.45674933530409,0.713733228427,-0.368660401094597,-0.0796900828816425,-0.100074289688444,0.0496654085411766,-0.167191003181876,-0.169148954896488,-0.172693553130422,-1.66623584550494,-0.0820529740975812,-1.17224372396307,-0.177996019369184,0.7216832479343,0.415681405019472,0.142648330293274
1032,-0.678741737553757,-1.23690822500115,0.827291778133223,-0.010146616543888,0.356360581900303,-0.201835366146479,0.0505792801774616,-0.433945188033857,-0.160780677322533,-0.0779188223148311,-1.14169367357863,0.181021027846382,-0.68903695431627,0.110096675773611,0.37781134421576,0.758262354312717,-0.889801614570532
1033,-0.799225210645629,-0.54344239299611,0.384147281428081,-0.189403508819243,0.504516792328145,-0.518422584469041,-0.305561183003984,-0.543214214457967,0.0107004205044007,0.264605959860977,-0.703355047701615,0.272570187011314,-0.0654230597409743,0.0268528477496613,-0.570791540182805,0.678347449323877,-0.594088697125332
1034,-0.0618772588051015,0.441373306069746,0.06550317385398,-0.403835338446742,0.638643058586684,-0.846313791740058,-0.330774667123024,-0.422360792682304,0.353936985914792,0.202588938018561,-0.294483026737418,0.143629799143686,0.0451193515454995,-0.0959030276773619,-1.03555591005239,0.464621540632792,0.350787263705104
1035,0.465306082732636,0.865111006587718,0.222976943954406,0.534388471311435,0.76659614941073,-1.10330960284437,-0.207378563618501,-0.207892932795441,0.633245398055303,0.646885243217822,0.0175701495132332,-0.0630606039628789,0.154050357419634,-0.0529384712779037,-0.532553700889103,0.440461220519887,0.344571083239426
1036,0.485477523929012,0.562527500374058,0.38858316227598,1.34273558930784,0.72170032806896,-1.13996574518056,-0.249510389311842,0.324989253376006,0.49029875490677,0.342524782175809,0.369064650973278,-0.909111342307197,-0.10055169772997,0.0870799491310446,0.672968061574173,0.555067867209309,-0.377733728372123
1037,0.257594755818594,0.316836940837697,0.332395338202589,0.344984962492192,0.417531138478465,-0.789718319231977,0.00814283060535923,0.835015740610604,-0.19151009005312,-0.213402162339803,0.79248695200312,-0.810736800125106,-0.654338024437232,-0.032607029410303,1.32713062841374,0.723570612612136,-0.607790581739644
1038,-0.154829440534351,-0.0112034411981305,0.543247541172737,-0.592562406163059,0.069027325312972,-0.082929486851254,0.132159898170435,0.935831289345743,-0.97346389614394,-0.596317517715544,0.618890214364562,1.02529123149057,-0.985320696131717,0.284256574035701,0.404407686768991,0.913136201190315,-0.129788675662926
1039,-0.292758484390657,-0.48932765815231,1.0002911312013,-0.321985964992712,-0.151523397028475,0.605329866985898,0.0953589903554227,0.587047061734114,-1.14192692664912,-0.541933360099887,0.315256068089001,1.22619489682172,-0.637042273011457,-0.0878471733524635,-0.625417024888094,1.02774284787974,0.293364487202661
1040,0.470212649510133,-0.346310144636552,0.699686272408653,-0.075761403527697,-0.186878856335119,0.823252647248331,0.261414153189604,-0.0572957932252496,-0.859463262308594,-0.0559743376628991,0.572402527110799,-1.13316195874001,0.0338395136591246,-0.325303069881611,-0.623446925439706,1.05871761725526,0.334648039661684
1041,1.03146937144716,-0.503822676414042,-0.332986788982309,-0.696734336013643,-0.116729135488603,0.728389773400267,0.363252259120227,-0.497502816584271,-0.77399708315165,0.138663700119455,0.378947860074471,-1.41611859816874,0.338395136591246,-0.0226331145318574,-0.270978224128203,0.979422207653927,0.0773018435096248
1042,-0.206620978741264,-0.387379363044794,-0.616143849773216,-0.68726416057268,-0.0920364337506293,0.789214800793293,0.349708212818363,-0.450225959879283,-0.775368931934266,-0.00349839610393119,-0.0998387141611322,0.473770608125817,0.642091343303454,-0.0928341307916863,-0.186084847897689,0.881541936427285,-0.0960986738748732
1043,-1.00230255782537,0.193659483567685,-0.163092552507765,0.41736416050526,-0.0600481610446179,1.01025939537557,0.527139905893989,-0.232000998797322,-0.450926694845706,-0.00699679220786239,-0.292744314025171,1.02543960938225,0.193368649480712,-0.00537056954993227,-0.091967824249724,0.640558230685743,0.135783987413774
1044,-0.844474659815879,0.181097134407517,-0.352652527407996,1.02480827093269,0.192490834002841,1.11257434211615,0.636429580551242,0.0641838120829299,0.263394966262171,0.459243997643331,-0.188696084876494,0.589802119417514,-1.18083788616222,0.524014143229105,0.322021709836424,0.0167263754627805,-0.0312618060428877
1045,-0.360360071102838,0.326741869983214,-0.932570016923367,0.896284461376773,0.630225092085102,0.973200438288425,0.359596772575087,0.379154128938673,0.957962004900385,0.504405110984988,-0.262179574767776,0.576744864949906,-1.7063709046398,-0.043731780620877,0.442555976087766,-0.677727953936367,-0.360281007510151
1046,0.5146443375508,0.465652461658147,-0.672479536541537,0.843522055348556,0.947301830311356,0.66031408049019,-0.028786956542975,0.443651032787861,1.08869919388364,-0.00922304427400042,-0.469726965892843,-0.175679423745997,-0.512104640041419,-0.210219436668777,-0.0188950447095343,-1.16465132851953,-0.298976077175372
1047,-0.0228973116283195,0.296181539814728,0.159839573219306,-0.0155581453672949,0.835623474723702,0.40110278825567,-0.18300865331757,0.293680076750186,0.878257590630426,-0.301816172966427,-0.392949072967829,-0.34987506857522,1.51772904436861,0.254334829400364,-0.255665178415737,-1.49608136083759,0.15390661652852
1048,-0.191356104322384,-0.0693345040186191,0.417712113177186,-1.36911679232195,0.410235567510427,0.122858499038895,-0.174197993439541,0.00939275298774583,0.687021870333829,-0.403269659980432,-0.0990151134026994,0.124637429008984,1.49667334698071,-0.209452212447358,-0.143906809707212,-1.75998639591702,0.124525420328208
1049,0.769513222937452,-0.146701663990615,-0.0804373060419077,-1.63563458687475,-0.201469998271195,-0.236049444055057,-0.386356808693994,-0.266441093085723,0.68180884495989,-0.207359478160285,0.0601228553655947,-0.425399415438997,0.0818593949468348,-0.692419859830553,0.0931319739237711,-1.98672170774582,0.0743640689342708
1050,0.637035919945032,-0.159082825422511,-0.562469691513634,-1.42187919835017,-0.908017986637306,-0.387306383035729,-0.474088485777346,-0.36756973358712,0.436933837263028,0.311993325268773,0.58210271382123,-0.562055453673847,-1.243145562106,0.0487187380600998,0.0927737740240643,-2.02389143099644,0.257774332402006
1051,0.723991186724007,-0.189824343319268,-0.541325326138647,-1.40023308305654,-1.50401001494931,-0.3070455439095,-0.312356638760974,-0.377275578341124,-0.314564925853728,0.450020953369331,0.702897491724708,-0.0600930461293316,-0.843087311735905,-0.00920669065702674,-0.223874937316758,-1.74326002045424,0.631570579429032
1052,-0.54517408638856,-0.350537858296224,-0.366108032646624,-1.44284887254087,-1.57921051569677,-0.290932953871612,-0.180712257923828,-0.347844952312854,-0.998157174231018,0.0155837644629662,-0.253577522401922,0.452107435940922,-0.150397838484998,-0.472993732504749,-0.251456329594182,-1.41802494201128,0.386311418680892
1053,-0.799770384732017,-0.0279935040179703,-0.0220315415445666,0.316574436169306,-1.14933302634932,-0.471393962295956,-0.151702691623297,-0.464315089360902,-1.09542125291846,-0.259835419719253,-1.06775262771044,0.189626945563669,-0.11408750319362,-0.100122760895166,0.310111563171173,-1.26253159974617,0.108671379722575
1054,0.103583076413826,0.460820788904237,0.7181691092749,0.903048872406032,-0.695885230797441,-0.725167255392689,-0.187413983256584,-0.597692181786893,-0.8369649422737,-0.221671098585458,-0.698962510323307,-0.29082066768763,0.293168358018257,-0.300751894796207,0.298559616405628,-1.03889376485492,-0.102849954440405
1055,-0.55089841429564,0.230410394452118,1.3041489692824,0.970692982698618,-0.500027210193968,-0.881761489823411,-0.167121346409847,-0.682540050442864,-0.659173340046735,-0.314219577334911,0.103407650781008,-0.00905105139231909,1.00766551784949,0.0349087020745597,-0.537747599434852,-0.612061442860265,-0.395870841339014
1056,-0.286761569440382,0.404652593140024,1.30769767396072,1.23112280732508,-0.32156632036043,-0.842285644230586,0.0646036949035263,-0.749541688422117,-0.395778373784564,-0.153293356554076,0.266480600950703,0.0707762543301017,0.749625797820227,0.629891085784913,-0.850724761803679,-0.0526571079383831,-0.266819157033531
1057,0.609232041539216,0.4005456712992,1.17876140398178,0.662912280867349,0.167236934498095,-0.526982397926669,0.000960736848402096,-0.746097678993277,-0.179575005644365,0.202906974028009,0.391027337864819,-0.129830655217692,-0.20873071441168,0.5765690023963,-0.707444801920954,0.5724137380596,0.0150957768426319
1058,0.810673866459788,-0.202507484298284,1.23021762181741,0.750849624247712,0.908017986637306,0.01588600674048,-0.0678373945396114,-0.662815269168597,0.181907148574812,0.200680721961871,0.597842639426835,0.0998583210988647,-0.802479895344955,0.119303366430638,-0.0655505816463466,1.072966011168,-0.00946899286768476
1059,-0.557440503332302,-0.222015363042198,0.960220340875273,0.367307518888746,1.39794363702938,0.52758662005309,0.469027042868691,-0.272702928410887,0.74559981335151,0.361288906733258,0.21743060022626,0.250907014826419,-0.960397625754204,0.291161592028471,0.190920546543731,1.39572310806091,0.0919530423222304
1060,-1.22555134620148,-0.0153103630389547,0.0625459199553804,0.198197243157279,1.35585380452147,0.750343177326889,0.676171280426607,0.480908952972587,0.902950868717505,0.323124585599463,-0.685144319820712,0.696634201425215,-0.210879254961465,0.0709682404812478,-0.387482741507844,1.57909374276398,0.166928883493329
1061,-0.251052666781932,-0.373367512058452,-0.953122931518634,0.608120551530354,1.10780439160818,0.743495326560786,0.314371842882013,1.12055543143808,0.846979438386793,-0.0461152213700021,-1.0600656872984,0.283401773103762,0.869729214553247,-0.189504382690467,-0.440764976589232,1.36846531101045,0.271270393854269
1062,0.356816439541312,-0.415765440474019,-1.52830881479625,0.165051629113911,0.844041441225284,0.809959760467074,0.0315637203609176,1.40139874577168,0.882235952100011,-0.289730804607392,-0.289632933382203,-0.871720113604502,0.697093981377967,0.0272364598603708,-0.16351825421616,0.798529554500893,0.73421374779201
1063,0.196535258143076,0.0413711979553607,-1.32662409891176,-0.148140601540765,0.584206875209787,0.835034978713537,-0.214876997557249,1.36100990792437,0.955904231726462,-0.492001706616505,0.648722864058906,-0.780616088114602,0.151364681732402,-0.157664577501583,-0.225039086990805,0.248417650391666,0.777916865867123
1064,0.241512120270132,0.165454593866731,-0.674845339660417,0.215784711833351,0.437173060315489,0.549741431355185,-0.443157445780011,1.01410423091029,0.780033217795158,-0.551474440383335,0.920968670318638,0.271234785986218,-0.176610033192384,-0.146923438401718,-0.268560374805182,-0.213725908691085,0.477250952446295
1065,0.270406346848726,-0.356335865600917,-0.399229276310939,-0.224578446171388,0.459059773219602,0.00800594317507551,-0.283019015975622,0.306203747400514,0.0801159689047437,-0.205133226094147,0.825430982340433,0.472138451317366,-0.610185516139136,0.273899047046545,0.146235109055306,-0.772510748225456,-0.0580416502401842
1066,0.108217056148129,-0.360684371079437,-0.439300066636963,-0.790083208217412,0.503394396794601,-0.597374275654691,0.0209370335133481,-0.578280492278885,-0.753282166534156,-0.215310378396492,0.40072752457525,-0.541430926730694,-0.633174900021843,-0.0556237560528699,0.339036205072498,-1.38766966802327,-0.829450893253885
1067,-0.778508595362863,-0.098656718043915,-0.174625842712303,-0.997750626815653,0.596553226078774,-1.01267628388125,0.151140309077891,-1.05762398642018,-1.15180423788395,-0.0966829468722802,-0.0657050382838615,-0.442166117198539,-0.227960152332262,-0.424658606555358,0.0725354796906294,-1.76742034056714,-0.821901235475562
1068,-0.13247730299242,0.83575859460771,0.376310558596792,-1.26359198026552,0.659968573724025,-0.966352587522322,0.0887978606590181,-1.06263345468031,-1.16168154911878,0.188913389612284,-0.183662969130515,-0.0988196758571231,0.571619213270483,-0.289243531474923,-0.327752908231733,-1.64290176767755,-0.273907337616943
1069,1.00175738373898,0.813653691758568,0.793431220994258,-1.12424511306279,0.639204256353456,-0.399189418188671,-0.287939863247926,-0.759247533176121,-0.955904231726462,0.0648793459274512,0.101211382091854,0.354474783217218,1.11423312911886,-0.265459580610938,-0.250023529995355,-1.20553802409522,-0.128748686933203
1070,0.536996475092731,-0.108138875823465,0.733990417632408,-0.407217543961372,0.436050664781945,0.373711385191261,-0.52845213183327,-0.313404858024453,-0.344196859558222,0.778234115119966,0.318916515904258,0.867120398962504,0.27329435793274,-0.535138894439679,0.0945647735225984,-0.700649283274251,0.0247655014573046
1071,-0.245328338874852,-0.801816093511487,0.516188668000551,0.627737343515204,0.0527525900765802,0.869274232544048,-0.524327993166958,-0.0491554073025365,0.296868076557988,0.585186257384854,-0.150444405207059,0.0658797839047488,-0.39038981789606,0.351005081299144,0.029551491725812,-0.167883250015316,0.94071054939107
1072,-0.306387836550371,-1.00305526371187,0.343189314932477,0.743408772115527,-0.301924398523406,0.87330238005352,-0.644115475338459,-0.011271303585295,0.707599602073061,0.163470508856421,-0.689994413175927,-0.47362223023414,0.22828243341473,0.931793816913248,-0.267396225131135,0.138147471414817,1.48966098331332
1073,-0.864646101012256,-0.10759531263865,0.304745014250683,0.536417794620212,-0.425387907213275,0.557394911623182,-0.605498540553906,-0.10926902642411,0.784285949021266,0.358744618657671,-0.799441802852109,0.332959988924,0.685706716464103,0.0521712470564849,-0.396079539100807,0.0693834834011637,0.3752674613602
1074,-0.872278538221696,0.448258439744069,0.398933550921079,0.678470426234644,-0.313709551625621,-0.00281970325663037,-0.0663494240548911,-0.0635576285504135,0.361344969340916,-0.227077710746079,-0.684961297429949,0.570512993499457,0.350426963670046,0.193724115908271,-0.0815800271582264,-0.0315942647630299,-0.76216196542395
1075,0.65857029635738,-0.0280237019726823,0.316721892540011,-0.200226566466056,-0.273864510184799,-0.585189129438539,0.565006997284667,0.388546881926419,0.21277374618366,-0.471011329992918,-0.678738536144012,0.140513863418462,0.493842045368241,0.65252420031677,-0.0195218945340213,0.0737199511137364,-1.09782945162063
1076,0.384892904990323,0.0656201555890502,0.108087629993813,-1.5010228073925,-0.537627460567701,-0.882164304574359,0.823328046474538,1.05887635348521,0.750264099212402,-0.459880069662228,-0.740874637807998,-0.551372245473077,0.929028933727332,-0.0947521913452335,-0.0541777348306553,0.268241502791999,-0.644741255726476
1077,-0.413514544525723,0.240919282691874,-0.108826943468463,-1.46517142893743,-0.954597401279393,-0.981659548058316,0.690605765758697,1.35036478787159,1.29173281371073,-0.845021677104107,-0.00960867551504938,-0.543804972997532,0.053606086717153,-0.446908108976506,0.23085983536104,0.379131177156359,0.144368458251663
1078,-0.225702071764864,0.0609696705634111,-0.688448707593975,-0.635178195647389,-1.27279653503919,-1.07672382928185,0.169933259136878,0.74547149546076,1.10708196757069,-0.241071295161804,0.934512327235089,0.4083359578961,-0.661750489333993,-0.552401439421604,0.68147530919221,0.434885762032294,0.33184643736937
1079,0.169549140866842,0.415403065017476,-1.11222319126329,0.243518797053312,-1.53487589212178,-1.07672382928185,-0.416538005297455,-0.087039511019778,0.156665130974687,0.529211919721955,0.644604860266742,0.0928845601900287,-0.0885198706511704,-0.423124158112521,0.431093579297148,0.506127731595989,-0.129549993013602
1080,0.575976422269513,0.768598343328351,-0.789734653621009,-0.150846365952468,-1.74476385689455,-0.831409645955012,-0.418225152933673,-0.108642842891593,-1.42891769197228,0.352701934478154,0.121069311489622,-1.15081892784962,0.320777104083004,-0.68743290239133,-0.10647492018785,0.673391486223794,-0.300195408894249
1081,-0.133567651165197,0.154975903581687,-0.0752621117193585,-0.674411779617089,-1.85363622364835,-0.468876370102536,0.268162743734478,0.667824737428729,-2.24544208738501,0.540025144043197,0.297319873794242,-0.507155633753223,0.315083471626071,-0.509053270911437,-0.207666391855024,0.98499766614152,-0.152512916883276
1082,0.1382016308995,-0.437145592410074,0.398194237446429,-0.578357143001616,-1.67068575168063,-0.0558653707719892,0.796333684295044,1.41674024231833,-1.75267400466953,0.373374275092293,0.412440957584072,0.176569691096061,0.53004495363213,-0.372103747388164,0.543836997729867,1.12376463294385,0.169743685750617
1083,0.340461216949656,-0.456472283425717,0.711663150697981,-0.308457142934195,-1.20489160525976,0.258405662732626,0.939366311676664,1.6027167514757,-0.606082792159516,-0.371466059035603,0.402374726092116,0.438456669906605,0.950084631115232,-0.266994029053775,1.30742963392986,1.02278688477965,0.267077338719259
1084,0.402065888711563,-0.410933767720108,0.796536337587788,0.447127569033998,-0.678488100027505,0.355081202959953,1.32741026800688,1.30120938056906,0.564515774046267,-0.718761381353136,0.0960867551504938,0.585795916342225,0.117847449155745,0.271213762271579,0.651207417666984,0.973846749166333,0.15120094468074
1085,-0.265227193028034,-0.515539482842276,0.109270531553253,0.758290476379896,-0.215499942440498,0.454878557507121,1.24548987722605,0.824996804090342,0.853975867178132,-0.676780628105962,-0.383065863866635,-0.169744308078902,-1.63546906649687,0.176077958815636,-0.612521828498649,1.02340638016716,-0.0099614639013247
1086,-0.839295505995188,-0.21815002483907,-0.760162114635014,0.635178195647389,-0.0448958213417704,0.564846984515705,-0.0989324627793573,0.365691182989571,0.607866195576916,0.471647402011814,-0.320838251007268,0.224644127999526,-1.393543400591,1.08907478230412,-0.700639003826524,1.03703527869239,-0.131423465245939
1087,-0.956780521611922,0.459250495259216,-0.989349291776478,0.707557393660456,0.0168359330031639,0.820735055054911,-1.14632308838611,-0.388233790160161,0.600321027272531,0.93566193979687,-0.0475858215983398,1.35973499933135,0.139547708708581,1.65835515459694,0.453391523053897,0.744013960399978,-0.286869823585368
1088,-0.60378030067533,0.689479701983063,-0.894569304326363,0.280046616611309,0.133565068491767,1.20280484632833,-1.10883091869237,-1.50722376276695,0.884293725273934,0.462106321728366,-0.208554014274262,0.919201038941258,0.877034252422519,0.556237560528699,1.09788269260138,0.30231374910507,-0.457960146492128
1089,0.603507713632136,0.438595094236247,-0.829509718557173,-0.551975939987507,0.333351473462645,1.43804866088149,-1.2464271814684,-2.07892932795441,1.01791179670068,0.796998239677415,-0.0500566238736382,-0.172266732237417,0.349997255560089,-0.175310734594218,0.506942408060066,0.0892073358014961,-0.399024509566412
1090,1.41363640600554,0.397767459465702,-0.58346619419369,-0.842169173142704,0.606654785880673,1.60964774478499,-1.47325480811553,-1.86007818333993,0.439540349949998,-0.00159018004724145,0.263277709112353,-1.04576738054205,0.0746617841050527,-0.914147659820613,-0.529956751616228,0.186468111640627,-0.0791365583979967
1091,0.713905466125819,0.204168371807441,-0.32825518274455,-0.570239849766505,0.883325284899333,1.59675767275468,-0.306076700337273,-1.56420646422594,-0.449829215819614,-0.869510449831626,0.564807097894141,-0.316638420839491,0.554538315899687,-1.50069057709536,-1.38444261236683,0.415061909631961,-0.204552434722018
1092,0.549535479079668,-0.40489417677772,-0.168267746830314,-0.100113283233028,1.00398280475534,1.15164737295803,1.73663730021405,-1.34222440194888,-1.02038112450939,-0.403269659980432,0.374280789110019,0.106832082007701,0.685599289436614,-2.21651077567919,-0.924513941143282,0.669055018511221,-0.36321509090989
1093,-0.675470693035426,-0.510949393726061,-0.0230665804090765,-0.580386466310393,1.01296196902369,0.493045255159368,2.68743872364731,-1.23577320142109,-1.04644625137908,-0.230894142859459,-0.372542076397772,-0.270641274419508,0.130416411371991,-1.26630357745189,0.379691893689221,0.820831388451267,0.331653814172294
1094,-1.27570736214923,-0.255353905044183,-0.0406622411057438,-1.5402563913622,0.931027095074964,-0.0487405848646107,2.06506870673122,-1.29682609584144,-0.853015573030301,-0.187323209565043,-0.685144319820712,-0.567990569340942,-0.729966651789688,0.032607029410303,1.38945741096272,0.563121307246944,0.602386620395316
1095,0.57706677044229,0.726321206731632,0.0764450132787983,-1.63022305805134,0.69307924196358,-0.383378939213993,0.50389476068387,-1.09738664073497,-0.697310736203445,0.28655044451291,-0.388190490807995,-0.471099806075625,-1.21349570251896,1.019257378155,1.53990136883959,0.0495596310008312,0.35666425722888
1096,1.09416439138184,0.93480788606288,0.266300713568889,-0.77249573954134,0.452886597785109,-0.635843084370148,-1.39039711309236,-0.654987975012143,-0.403597911845472,0.611265210159614,0.072293844351324,0.131166056242788,-0.952662879774975,1.93148697742207,0.79771117664707,-0.244081182679094,-0.157601403076885
1097,0.236878140535829,0.556608701250517,0.187194171781351,0.274635087787902,0.327178298028152,-0.9695751055299,-2.48648069408886,-0.238889017655002,0.0673577752264197,-0.201316793980768,-0.080987407912559,0.141997642335235,-0.157058314189334,1.12321626015726,-0.174891101031851,-0.299216272167518,-0.939446321742694
1098,-0.886453064467798,-0.082440416363602,0.181575389374012,0.262459147935236,0.263762950382901,-1.21529210360769,-2.43249196972987,0.240767568252551,0.576450858455022,-0.618898074386373,-0.424154390592894,-0.335927546757548,0.995633690770689,0.191038831133305,-0.92809594014035,-0.441080715907398,-0.955675056794796
1099,-0.737893125926916,-0.671481720974745,0.552415028258395,0.142729072717358,0.148156210427842,-1.03724798368903,-2.11005931036371,0.537265470899062,0.621996238037856,0.0162198364818628,-0.252662410448108,0.50003349495271,0.65154492172251,-0.376707092716677,-0.595328233312722,-0.615158919797817,-0.335878605393304
1100,0.31974460166689,-0.442822807895919,0.706192230985572,0.428863659254999,0.00785676873480982,-0.686396335614021,-1.78912633778529,0.732947824810433,0.256810092105617,0.462106321728366,0.149620804448626,1.1922163596276,-0.637794262203882,-1.50606114664529,0.251277229644329,-0.644894698398316,0.177825835732978
1101,-0.396886734890872,-0.175963482106487,0.407805312616878,0.0825258145569557,0.0628541498784786,-0.828992757449329,-1.05184282075788,1.15687407632403,0.0629678591220502,0.889864754436316,0.294025470760511,0.557455739031849,-1.11853021021843,-2.00744217534254,0.383990292485703,-0.500552273108395,0.436212702679819
1102,-0.701639049182076,-0.474349472615187,-0.0229187177141465,-0.699440100425346,0.270497323584167,-1.41911636758697,0.0982763498097168,1.33658875015623,0.416356105523796,0.946157128108663,0.623648796524396,-0.392904657161655,-0.416602012603445,-0.883842303074567,-0.121787965900316,-0.247178659616646,0.576519503624096
1103,0.26877082458956,-1.33112584370241,-0.289071568588106,-0.871932581671442,0.50058840796074,-2.06160589534775,0.726598248664687,1.24266122027877,1.05508889870956,-0.141844060213937,1.06555635902129,-0.69915662558373,0.673889743440282,0.142703705183914,0.0594611833513308,-0.0848708680889234,0.750152003371746
1104,0.83111789469936,-0.948819737049222,-0.119473057503422,-0.139346867202728,0.627980301018013,-2.4060125074076,1.03684595288039,1.39200599278393,1.13643953151866,-0.439843801066985,0.674803554742611,-0.158319210419745,0.350856671780003,0.982814227637604,0.733235194699844,-0.112748160526891,0.451499385520436
1105,-0.135203173424363,-0.0736226135877149,0.278721179943007,0.552652381090433,0.535943867267384,-1.96976413213179,2.04857215206597,1.3353363830912,0.505114721759017,-0.482460626333056,-0.168838155478725,-0.22894708685817,-1.37506595186284,2.14247363831226,0.840695164611888,-0.241603201129052,-0.279453609829847
1106,-0.240421772097355,0.134139314830447,0.622058357570415,0.669000250793682,0.333351473462645,-0.813786500601072,2.62745125213732,0.934265830514452,-0.576862413089807,-0.519352803429058,-0.177257185453816,-0.345275353933222,-1.56972372567343,2.00475689056757,0.396795938900221,-0.352492875493412,-0.754705790680241
1107,-1.41281864487595,0.81087547992507,0.366403758036484,-0.136641102791025,0.167798132264867,0.188567655287156,1.77262978312004,0.366943550054604,-1.51671601405967,-0.211493946283113,0.177074163063053,-1.02632987673231,-0.276839449839886,0.661730890973797,-0.190293696719244,-0.441700211294908,-0.359431796389697
1108,-1.61180718640778,1.04654031849707,-0.136329404725439,-0.36324887227119,0.317637935993026,0.595863720338639,0.709539311454036,-0.332816547532461,-1.58036979757303,-0.369875878988362,0.145594311851844,-0.304026300046915,1.26076359461424,-0.151910395840941,-0.832814766818338,-0.54019997790906,-0.0104586211231376
1109,0.808765757157428,0.40815555588661,0.0544134717342317,0.22254912286261,0.669508935759151,0.973603253039372,-0.11795973889893,-0.721989612991396,-1.11723364856204,0.0480234374266918,0.342068848335758,1.05704410030953,1.39182456815117,-1.00199483317308,-0.417661083058143,-0.511703190083582,-0.175576666017322
1110,2.16488629704897,-0.0221954967132775,0.471977722216488,0.467420802121774,0.907456788870534,1.77802431068092,-0.698104199697445,-0.701012464652097,-0.450926694845706,0.492319742625953,0.35890690828594,0.6501919213302,0.300795676969997,-1.54787486671262,0.600163931958764,-0.4293103035447,0.262937324172988
1111,1.63279638873374,-0.218210420748494,0.255211011449141,0.126494486247137,0.933833083908824,2.80721599935101,-0.331055858395727,-0.772084295592707,0.418413878697719,0.0321216369542773,-0.44895392454126,-0.358035852617475,-0.632530337856907,-1.42166648228921,0.248859380321308,-0.435505257419804,0.428231337840356
1112,0.629403482735592,-0.0206855989776804,-0.333430377067099,0.440363158004739,0.720016734768643,3.28374584972154,0.511205733774149,-1.15436934219396,0.960019778074308,-0.179372309328836,-0.844831355761294,0.0191407480263797,-0.846954684725519,-1.22333902105243,-1.18134326923307,-0.307269712205153,-0.251211301792874
1113,-0.371263552830609,-0.217425273925983,-0.736504083446217,1.21962330857534,0.416969940711693,2.90953094609159,0.942178224403694,-1.53352347113264,1.07415759678792,-0.187323209565043,-0.072293844351324,0.359222875750894,-0.675823429935089,-1.8597515127194,-1.72509071698801,0.00805344003763507,-0.0611325684821156
1114,-1.33322322826322,-0.708685601179858,-0.703678565171762,0.445774686828146,0.157135374696196,2.0612030805968,0.518516706864429,-1.74266877099311,0.988279862996187,0.188595353602836,0.572036482329273,0.302690899021819,-0.0776697408747527,-1.38599055599323,-0.951378933621293,0.179034166990503,1.00387539089995
1115,-0.707363377089156,-0.246415310449448,-0.484250325895676,0.055468170439921,-0.0117851531022147,1.21770899211337,-0.995417105368806,-1.69727046488567,0.811860109551837,0.355882294572637,0.353965303735343,0.198826374847665,0.28521875798405,-0.163802371272934,0.278858621921753,0.146820406839962,1.30642179781108
1116,0.451131556486533,0.596349209651433,-0.416824937007606,0.629766666823982,-0.226162700009168,0.248335293958946,-2.63494968607607,-1.37603831270476,0.579331740898514,-0.157745860686352,-0.0166550375594189,0.119889336475309,0.349137839340175,2.01588164177815,1.45070959381259,0.273816961279592,0.426441920096224
1117,0.739801235229276,1.09775604968852,-0.243086270464883,0.36663107778582,-0.536505065034156,-0.792940837239555,-2.77592024412453,-0.654674883245884,0.347352111758238,0.151385140497386,-0.350670900701612,-0.483415171084846,-0.413271774751278,3.3174775334153,1.60222815138857,0.696932310949189,-0.63148351583027
1118,0.00899537242541124,0.905455474082873,0.113706412401153,0.195491478745575,-0.81654275065345,-1.33694215839374,-1.82511882069128,0.364438815924538,0.186982989070489,0.98972806140308,-0.516763720318894,-1.28317200722583,-0.608466683699307,2.74129214312971,0.310201113146099,1.15845637464443,-0.599652743151255
1119,-0.621225871439764,0.610119477000079,-0.00680168396677896,-0.458627067783737,-0.962454170014203,-1.19192884805275,-0.496396326745122,1.15593480102525,0.2393876125664,0.603314309923407,-0.140469684910484,-1.16788238539252,0.353005212329789,0.942918568123822,-1.10504669059552,1.30279879993435,-0.442624515453129
1120,-0.633219701340312,0.296060747995881,-0.665382127184898,-0.677793985131718,-0.965260158848064,-0.800090799068867,0.888564421741646,1.38637034099128,0.0832712211047592,-0.837388812877348,0.435501778820191,-0.437714780448218,0.507807558941848,-0.91644933248487,-1.08713669561017,1.22598137188306,-0.971351720363506
1121,-0.204167695352516,0.188737216949638,-0.921776040193479,0.541829323443619,-0.809247179685411,-0.575118760664859,1.72463980591205,1.38292633156244,-0.5940105228725,-1.07782403602026,0.711682566481324,0.378660379560628,0.0724058165277778,-2.68106504174833,-0.258620327588318,1.18943114401995,-0.546215353033964
1122,0.732168798019836,-0.430139666916904,-0.38843529958105,1.45840701790817,-0.55053500920346,-0.407346416895352,1.58816830822684,1.72263089795259,-1.2747218888063,-0.674236340030375,0.421775099512977,1.09532559636229,0.135465481663988,-3.85606893685137,0.53237460093925,1.09278986356833,0.434580159899355
1123,0.468849714294161,-0.471812844419384,0.518406608424501,0.603385463809873,-0.346259022098404,-0.101962483833509,0.877316770833524,2.08018169501944,-1.06400591579656,-0.669465799888651,-0.117957930846654,0.492317844585487,0.796786262888023,-1.7623140365992,-0.037700539444142,0.692595843236616,0.39191550593795
1124,0.720174968119287,-0.248589563188708,1.10867448658497,-0.646677694397128,-0.170042923331955,-0.070215646274483,0.663049021033798,1.84849378798838,0.114000633835346,0.563241772732922,-0.511456070986771,0.219896035465851,1.04118275042615,1.04956273490105,-1.10755408989346,0.0427451817382169,0.857667122332703
1125,-0.341006391036044,-0.230229206723847,1.20315874864523,-0.55806390991384,-0.0185195263034803,-0.628693122540836,0.420849604812235,1.32500435480468,1.17594877645798,1.06732884770846,-0.929387700293729,0.0182504806763155,0.049846140755028,3.47859461991327,-0.855381360499867,-0.506747226983499,1.37889040794521
1126,-1.64560797976387,-0.289296406140406,1.10379501765228,0.306427819625418,0.0830572694822752,-1.46906539670442,-0.88650235240849,0.79932327925717,0.774271452908173,0.352383898468706,-0.77381866814531,0.1428879096853,-0.687318121876442,3.4555778932707,0.459928671223547,-0.781183683650602,0.996060931392671
1127,-0.335282063128964,-0.766303298770243,0.903884654106952,0.800906265864226,0.267691334750306,-2.25455416105145,-1.85661224323402,0.0729503815381593,-0.356955053236546,-0.0671055979935892,-0.0871186580031144,0.82572296718452,0.110972119396431,1.97483514593224,1.80496929462263,-0.789856619075747,0.0606802389832964
1128,0.410243500007391,-0.637297636240827,0.602688344534588,1.14656766945934,0.562320162305674,-3.01466559608881,-1.24530241637758,-0.493119531856656,-0.720494980629647,-0.27351096812553,0.135436569164506,0.551669001256432,0.526607288752473,-0.249347871961141,1.24474465148117,-0.786759142138195,-0.98813292811374
1129,0.00163552225916568,-0.234034149017551,0.0496818654964724,0.842169173142704,0.725067514669592,-3.46742937615346,0.580003865162163,-0.669703288026278,-0.184239291505258,-0.362879086780499,-0.414545715077845,-0.34928155700851,-0.237843438861276,-3.48012906835611,-0.0475510366860793,-0.971368767616291,-1.61257031066544
1130,0.0367992508312278,0.0784844842963376,-0.683273513271425,-0.501919298370993,0.558391777938269,-2.72987556716915,2.00508123522123,-0.922681435162899,0.424724383097751,-0.51521833530623,-0.478237507063315,-1.04190955535844,-0.65616428390455,-4.4299526544727,-1.08570389601135,-0.988714638466582,-1.20914046324464
1131,-0.283217937878857,0.124687355005609,-0.809548254741626,-1.29673759430889,0.298557211922773,-0.749839658888205,1.91659971474401,-1.06232036291405,0.572198127228914,-0.48913938253147,-0.18393750271666,-0.672893738756837,-0.117632595100767,-2.88437946042434,-0.753294389083426,-0.744013960399978,0.0193947927906965
1132,-0.665930146523626,0.139454154859749,-0.124204663741181,-0.547917293369952,0.19754161390379,1.49484554076504,0.593501046251909,-0.669703288026278,0.549013882802712,-0.267468283946012,0.501664373080959,0.132649835159562,0.375994596212496,-1.30389756430141,-0.511061706906694,-0.465241036020303,1.30901805839903
1133,-0.434776333894876,0.0332479481378483,0.507908357084472,0.753555388659415,0.16611453896455,2.88375080203097,-0.724536179331532,-0.167191003181876,0.574667455037622,-0.369875878988362,1.27713024274314,-0.286220953045631,0.0669270381258242,0.939466059127437,0.00734309794398965,-0.248417650391666,1.32096743702537
1134,0.304752314291205,-0.0744983542743612,0.669226557253078,1.37791052665999,0.175654900999677,3.20157164052831,-0.469589425414098,-0.15435424076529,0.299748959001481,0.0251248447464149,0.916210088158804,-0.140810619201817,-0.0854044868539812,2.15705089851922,1.33501102620729,-0.0935438035140689,0.588518632878297
1135,0.192173865451967,0.222891103728845,0.578586725261001,1.32920676724933,0.302485596290178,2.67106461353085,0.643178171096115,-0.599257640618184,-0.200564292018382,0.163470508856421,0.477779951086408,-0.0734470563802942,-0.23118296315694,2.54066300922867,2.12305080556228,0.131952517539713,0.278336989084624
1136,-0.206620978741264,0.155096695400535,0.26393491045001,0.997074185712727,0.504516792328145,1.39857281528866,0.670547454972546,-1.11867688084053,-0.637909683916195,0.137391556081661,-0.0678097957776342,0.178795359471221,-0.29886199047519,3.50621469188435,1.383009812768,0.53958048252155,-0.301354638644948
1137,0.496108418613589,-0.183724356467456,-0.0190742876459671,0.96731077718399,0.799706817650285,0.21550589175675,0.311747391003451,-1.32030797831081,-0.649158843933642,0.373692311101741,-0.677182845822528,1.55262625851192,0.733296889641856,4.23968104756081,-1.14158308036561,0.822689874613798,-1.00262801427068
1138,0.81203680167576,0.0750117195044642,-0.0405143784108138,1.33055964945518,0.924292721873698,-0.219836150329432,-0.0490561607836534,-1.03226355335327,-0.387684465967133,0.210857874264216,-0.775648892052939,0.728832203919202,1.91907641906858,2.90854702339903,-2.80864541360111,0.695073824786657,-1.13827149628222
1139,0.487113046188178,-0.0825612081824498,0.0826552464658573,1.07012982482872,0.76940213824459,-0.0256794403728837,-1.34690619624762,-0.389486157225194,-0.0355308834697408,-0.516490479344023,-0.595097303565392,-0.73966379001165,0.702035624642474,0.635645267445554,-1.80640209422145,0.30231374910507,-0.161415871982441
1140,0.312384751500645,0.519404821045405,0.351321763153626,0.0040586466175552,0.608899576947761,0.67733300371771,-2.48348132051336,0.433632096267599,0.0979500030787448,-0.961422856562181,-0.0612209897101718,-0.929587491358673,-1.04590953963567,-2.61546737081701,0.297305916756654,-0.1908045793532,0.838333386401267
1141,0.83111789469936,0.600939298767648,0.254767423364351,-0.418040601608186,0.715527152634466,1.51901442582187,-2.18504364975119,1.21354368601676,-0.191372905174859,-0.312947433297118,0.72229786514557,-0.444688541357054,-0.826650976530044,-6.252877404564,1.32354862941667,-0.955261887541021,0.7694367911048
1142,0.562619657152994,0.0279633060632584,-0.318644107574101,-0.350396491315599,0.946740632544583,2.16392084208834,-1.2524259286194,1.19319272120998,-0.387684465967133,0.207041442150837,0.529117731695386,0.198381241172633,0.392001223308399,-7.19656319690923,-0.581358437224156,-1.82689189776814,0.420235930484963
1143,-0.558258264461885,0.0600637319220529,-0.825961013878854,-0.712292481380937,1.02474712212591,2.72061082789736,-0.452155566506508,0.320292876882133,-0.273821017010048,0.231848250887804,-0.0185767726624288,0.428366973272544,1.22166015660814,-4.71996341016904,-3.52038861431855,-2.23823683507504,0.173403165401788
1144,-1.06118135915533,0.302462714394812,-1.11074456431399,-0.746790977630157,0.989952860586037,2.95182649494105,0.196177777922496,-0.39011234075771,0.0123466390435393,0.41471895632057,0.148888714885575,0.203277711597986,0.383084780026789,-0.546263645650253,-3.74820375053208,-2.11557674834798,-0.479287919685522
1145,-0.793500882738549,0.0556548305341093,-1.24677824364957,-1.62684085253671,0.937200270509457,2.32101859495774,1.39583347769795,-0.509400303702082,0.511425226159049,0.094138658796694,0.139829106542814,0.124043917442275,-1.4567104927547,3.94199804965028,-1.01621311546823,-1.79405864223009,-0.91337057330624
1146,-0.90444380931862,-0.375904140254256,-0.683273513271425,-1.57678421092019,0.723383921369276,0.961921625261903,2.57796158814158,-0.528498901443832,0.854113052056394,-0.498998498824367,-0.287070619911523,0.177905092121157,-1.03129946389713,6.55056040247452,2.15134859763911,-1.39758159422344,-0.661745940087356
1147,-0.601599604329776,-0.407793180430066,0.221794042394966,-0.0919959899979178,0.336157462296506,-0.195440681975193,1.98408562019274,-0.807776756946141,0.671245609333751,-0.0108132243212419,-0.344631161806438,0.39765274969533,0.436798293771431,6.07488138519481,3.69948856417196,-0.871630010227119,0.376470102545858
1148,-0.539722345524674,-0.0985359262250671,0.482771698946376,-0.135288220585173,-0.086424456082908,-0.619730494332261,0.385419504451651,-0.980916503686923,0.0428016820176028,0.150431032469041,-0.217979667398549,-0.0381331181610821,0.596971991757954,4.38852254651608,4.0963740530471,-0.283728887479759,0.421950321072558
1149,0.439682900672373,0.460579205266541,0.270588731721859,-0.376777694329708,-0.589257655110736,-0.605128459610425,0.130379020109982,-0.936144381112001,-0.576862413089807,-0.128168511807661,-0.0539916052750394,-0.307290613663817,-0.112690951836259,1.08600588541845,1.99194964226958,0.0898268311890065,0.0481250662197695
1150,1.28633825683381,0.357422991970547,0.32337571381186,-0.510713032709029,-1.03316508862749,-0.554273097303341,0.402290980813834,-0.603640925345799,-0.906792045308828,0.448748809331537,0.271879761478207,0.0329398919523744,0.0877678814587454,-1.42435176706418,-1.99624804106606,0.0947827942890897,-0.364311530553648
1151,-0.0501560159477475,-0.342203222795728,0.370396050799593,-0.966634336081063,-1.1678525526528,-0.938155554956019,-0.578316717525944,0.0165938636116843,-0.781816621212558,0.205769298113044,0.619073236755325,-0.361596922017731,0.181121968346934,-3.75326089118123,-3.66223577460245,-0.2385057241915,-0.619400532695234
1152,-0.451131556486533,-0.565305712207557,0.119029469418632,-0.633825313441537,-1.0752549211354,-1.92303762102191,-1.49143851041699,0.736078742473015,-0.451475434358752,-0.692364392568928,0.479701686189418,-0.76384938635506,-0.109468141011581,-4.96240626413741,-1.75911970746015,-0.560023830309393,-0.103251409910087
1153,0.301481269772874,-0.33507650548371,-0.154664378896756,-0.450509774548627,-0.90914038217085,-2.87609732176298,-0.637741806490523,1.18505233528727,-0.259690974549109,-0.845657749123004,-0.00448404857368971,-0.182059673088123,-0.316157741900964,-3.46478458392773,0.959259331414843,-0.659143092311055,0.938287613571158
1154,0.0343459674424793,-0.686580698330716,-0.296316840639675,-0.162345864702208,-0.730118294570541,-3.51576714626712,0.529764357772551,1.47278366847855,-0.208109460322767,0.0244887727275183,-0.455085174631815,0.36055827677599,-1.87180852697329,-1.53444844283779,1.68103212932407,-0.520376125508728,0.873487019563892
1155,0.776873073103698,-0.265621209646243,-0.58790207504159,0.0466744361018848,-0.684100077695227,-4.424517224404,0.592376281161097,1.71574287909491,-0.0952063055135138,0.597589661753337,-0.85032202748418,0.278802058461763,-2.00673687349983,-0.203314418676007,-0.461361470822374,-0.00185848616253117,-0.00612145767751426
1156,1.5583801259417,0.319011193576957,-0.611264380840526,-0.0311162907345899,-0.862560967528764,-4.96267773166945,0.440907915598386,1.57234685014865,-0.0963037845396062,0.51521833530623,-0.612026874710955,0.244526765484293,0.438839407293727,0.588844589939002,-2.04926162622267,0.791095609850768,-0.776295958314143
1157,0.809310931243817,0.210570338206372,-0.569714963565203,-0.26178270683231,-1.11622235810977,-3.90569182518401,0.4114765623888,0.986865247245829,-0.166268072452995,0.254428807558632,0.122075934638818,0.567990569340942,2.67149531960353,1.32998318782965,-0.367154897199482,1.38271370492319,-0.905104346000782
1158,-0.137929043856306,0.07821270270393,-0.890429148868324,-0.6825290728522,-1.25090982213508,-2.05516085933259,-0.298625131610642,0.449286684580509,-0.0535021025220035,-0.425532180641812,0.499742637977949,0.689363684733024,2.51851923245879,2.69525868984458,1.49548458127594,1.68564694941577,-0.787755453741919
1159,-0.502923094693446,-0.2923162016116,-0.697320469289773,-0.440363158004739,-1.05617419706515,-1.14520233694288,-1.35477955188331,0.519732331988603,0.22964748620983,-0.65483614345403,0.108989833699274,0.924839398824998,0.864680144261251,2.66495333309853,1.31853383082078,1.77609327599229,-0.671513914167765
1160,-0.232244160801526,-0.185445639886037,0.273102397535668,-0.090643107792066,-0.618439938982887,-0.886595266834778,-1.3943337909102,0.959939355347624,0.439814719706521,0.073466318182555,-1.03224628390245,0.12656634160079,-2.01404191136911,2.08800071859152,0.697057004829456,1.54873846877597,-0.0417289810643
1161,-1.28879154022256,0.640679807168564,1.022026947356,0.71026315807216,-0.116729135488603,0.0721290163414822,-0.680482879941387,1.34754696197527,0.523634680324326,0.324078693627808,-1.25004292891023,-1.07826213881939,-2.10857769555968,1.64377789438998,-0.172652351658683,1.15164192538181,0.64226816806396
1162,-1.80806985750766,0.660006498184207,0.892647089292273,1.60654761944893,0.281160081152837,1.06020842449302,0.0421786909054579,1.24735759677265,0.399756735254149,0.743886226099551,-0.393864184921643,-1.13731653970698,-0.58257677007439,0.669019521077276,-1.45250059331112,0.659762587698565,0.893787281806003
1163,0.376987880737689,0.194142650843076,0.383555830648361,1.10598120328379,0.431561082647768,0.8833727488272,0.840012061988252,0.398252726680423,-0.0974012635656986,0.455109529520503,0.496082190162693,-0.397504371803653,-0.0337320866316353,-1.91575888088298,-0.91126054485413,0.172219717727888,0.450966973559346
1164,0.117757602659929,-0.106025018993629,0.230961529480625,0.666294486381979,0.339524648897139,0.383882457652677,0.743094803329933,-0.733260916576691,-0.692509265464291,-0.638616306972167,0.849223893139603,-0.439940448823379,-0.196484033277901,-4.30259343371716,0.982184124996079,-0.0117704123626974,0.0910814434192369
1165,-0.605960997020884,-0.333868587295232,0.248261464787432,0.198873684260205,0.241315039712016,0.618723457454893,-0.388793799724087,-1.65249834231075,-0.915983432152352,-0.311039217240428,0.731906540660619,-0.523773957621088,1.33854076251648,-4.16142417697609,1.14659787896151,0.0786759142138195,-0.0491844737429487
1166,-0.449496034227368,-0.21784804529195,0.164127591372275,-0.234725062715276,0.293506432021824,1.39535029728109,-0.797083527688919,-2.00190875345489,-0.610472708263886,-0.19909054191463,0.148522670104049,-0.0675119407131997,2.79868892015084,-3.12874037494625,-0.143548609807505,0.278772924379675,-0.0344215326128726
1167,-0.103583076413826,0.232373261508395,0.153777202727176,-0.414658396093556,0.438856653615806,1.94559524707496,-0.0246979667857514,-1.64028776342668,-0.435836358236936,-0.237254863048424,-0.237013996037885,0.0841302645810643,0.996063398880646,-0.275817107600093,-1.83290888679976,0.58728162735985,-0.559654843207769
1168,1.41254605783276,0.318165650845022,0.356349094781245,-0.720409774616048,0.517424340963904,1.81266637926238,0.542699156316891,-1.26144672625427,-0.602104430689931,0.194956073791802,0.105329385884018,0.74812132983726,-2.17131507961342,3.65352174239678,-3.36134785884872,0.727287584937198,-0.731255190293081
1169,1.22200771463996,0.197404029951966,0.550049225139516,-0.632472431235685,0.437173060315489,1.22495965763042,0.10502494035459,-1.19194035414495,-0.609786783872578,-0.376872671196224,0.578167732419829,1.54728465441153,-3.02514509409825,5.4856531831451,-3.34128866446514,0.531527042483915,-0.5757443567448
1170,-0.0918618335564723,0.156938770637963,0.898118009004682,-0.188727067716317,0.251977797280686,0.838660311472061,0.197864925558715,-1.3563135314305,-0.190549795905289,-0.0604268417951751,0.323400564477948,-0.178646981579544,-1.02313500980795,5.99048672083873,-1.76091070695869,0.182131643928055,-0.489974675522447
1171,0.795954166127297,-0.651067903589472,1.18704171489786,0.683205513955125,0.00448958213417704,1.14399389269004,1.0409700915467,-1.52225216754734,0.683729433255552,0.540343180052645,-0.239393287117802,-0.0228501953183138,0.862424176683976,2.12406025699821,-0.0572224339781632,-0.299835767555029,0.023730612166938
1172,0.731351036890253,-0.907871310459828,0.659615482082629,1.09245238122527,-0.377686097037643,1.9673472436261,0.745719255208495,-1.40014637870665,1.27033197270193,0.390230183593052,-0.429462039925017,0.865191486370698,1.04419070719585,-2.72249514970495,0.283157020718235,-0.815255929963673,0.952480585028254
1173,-0.429324593030991,-0.077216170198436,-0.225786335158075,0.894931579170921,-0.672876122359784,2.68556594456495,0.401916059116896,-1.15593480102525,1.00090087179625,0.237572899057873,-0.457281443320969,-0.0062318714504492,1.07126231812315,-3.60748828911164,-0.0522971853571946,-1.27244352594634,1.23130356552845
1174,-1.20510731796191,0.5386107202422,-0.876382192849976,0.825258145569557,-0.717210745934782,3.02352752060965,1.09252182487559,-0.993127082570992,0.362991187880054,0.301498136956979,0.0572860083087706,-0.963714406444467,1.28783520554154,-1.07641558265071,1.23793885338674,-1.67077906011552,0.69750861722657
1175,-1.04319061430451,0.443426766990158,-1.29172850290828,0.416687719402334,-0.784554477947438,3.09643699053109,0.36020602033261,-0.663754544467372,-0.0813506328090976,-0.416309136367812,0.437515025118582,-0.573035417657972,0.649826089282682,-0.552785051532314,2.40244672733359,-1.7649423590171,0.0468243280299771
1176,-0.661023579746129,0.350296274658529,-1.08265065227729,0.0020293233087776,-0.908017986637306,2.83420458766447,-1.5626736328351,0.145274579543802,-0.291106311671003,-1.96737075444712,-0.0364214557618062,0.455816883232856,-0.87692682539503,-1.51526783730232,4.39439636960317,-1.64909672155266,-0.423757392265286
1177,-0.356271265454924,0.0421261468231593,-0.724379342461959,0.171139599040244,-0.963576565547747,2.31900452120301,-1.87310879789927,1.33345783249365,-0.380688037175794,-2.58245239672012,-0.540373608727301,-0.340527261399546,-0.376102023239985,-1.84555786462315,5.92319354155184,-1.56174787191369,-0.639006292220957
1178,0.498289114959144,-0.377474433899277,-0.828031091607873,0.232695739406498,-0.868172945196485,1.6942388424839,-0.92399452210223,2.42959210616359,-0.322247279036375,-2.18872381702313,-0.363940024031918,-0.59113752044261,1.38194128162216,-1.47076883246002,4.23249001493569,-1.33005659698481,-0.311695186282005
1179,0.74007382227247,-0.505634553696759,-1.15658199974228,-0.153552130364172,-0.640326651887,0.969172290778953,0.0285760630884477,2.72640310057636,-0.245835301844693,-1.19867771961061,-0.0631427248131817,0.00905105139231909,1.13356999406693,0.869265042867608,0.564523041937936,-0.88897588107741,0.456126996341246
1180,0.580610402003816,-0.195229777212706,-1.03163802252645,-0.0466744361018848,-0.29519002532214,0.453065891127858,1.19281337880635,2.3171921620769,-0.109473532852715,0.874599025982798,-0.0948971096105354,0.689957196299734,0.0323355352742746,2.30128905214598,-1.9772634463816,-0.276294942829634,0.38134434006786
1181,0.0449768621270562,0.164367467497101,-0.205381283257739,-0.0378807017638485,0.0830572694822752,0.244206442761737,2.12355649145345,1.62557245041255,-0.0124838239218008,1.95814771017312,-0.0391667916232489,0.817117049467233,-0.827832673832426,1.83635117396613,-2.94583597518882,0.513561676246113,-0.270464032468135
1182,-0.484387175756235,0.24442224543846,0.251366581380962,0.0622325814691797,0.494976430293019,0.0513337048238333,1.62116141755733,0.987804522544603,-0.00946575660004677,1.8690976275276,0.162889927778932,0.105793436765959,-1.22681665392763,2.92274067149528,-3.64074378062004,1.24270774734584,-0.318286342044469
1183,-0.112851035882432,0.424341659612211,0.297795467588974,-0.17181604014317,0.863122165295536,-0.486499515456476,0.310153973791467,0.611781311268512,-0.0307294127305866,1.73965697168215,-0.448130323782827,-1.13286520295666,-1.50225955241015,2.55984361476414,-4.3012643956794,1.71538272801627,-0.486186405939467
1184,1.31305178706685,0.448862398838308,0.341414962593318,-0.544535087855323,1.05729659259869,-1.26483831797419,-0.679170654002106,0.108016659359077,-0.029083194191448,1.3297085555033,-0.793951131129223,-0.42183834603874,-1.01883792870837,0.0736535252562139,-3.13639832183285,1.97557079077063,-0.44105175366905
1185,0.667565668782791,0.348363605556964,0.330177397778639,-0.662235839764423,1.28289809484109,-1.81790297102469,-1.34671873539915,-0.799010187490912,0.0753144981655895,0.89463529457804,0.319923139053454,0.521251533462573,0.128697578932163,-2.28901346460327,-0.926304940641816,2.01769647712134,0.365885897196691
1186,-1.10588563423919,-0.204107975898017,0.877269369019556,-0.424128571534518,1.61007639286924,-2.09987329668773,-1.42114069224123,-1.69382645545683,0.17463635002695,0.606176634008441,1.36168658727557,0.225089261674558,1.83872100250659,-3.98189370916406,-1.01084011697262,1.80830703614283,0.596423365702261
1187,-1.35203173424363,-0.813291316302025,1.47862694929977,0.370689724403375,2.08428850579169,-2.47489382981957,-0.98754374973312,-2.26803675477436,0.165444963183426,0.729574605674378,0.867526132215887,-0.470061160833883,2.50262003239037,-3.02708316560825,-1.07137590002307,1.49793984700012,0.700593958583604
1188,-0.45031379535695,-1.02576412565525,1.18053575632094,0.680499749543422,2.56355139861509,-2.77619926352807,-0.634929893763492,-2.42270408730591,-0.0080939078174313,0.866648125746591,0.219443846524652,-1.29504223856002,0.872200036185501,-1.97214986115727,0.355155200559304,1.20553802409522,0.797961955534062
1189,1.30841780733254,-0.417456525937888,0.294986076385305,1.31229573967618,2.66063861226667,-2.78264429954323,-0.995042183671868,-2.1509404341938,-0.228824376940261,-0.399453227867053,-0.245158492426831,-0.897983000431395,-2.3088216747997,0.42350777022323,3.16218871461174,0.776847215938029,0.246791319600447
1190,1.07617364653102,-0.159264013150783,-0.396863473192059,1.66607443650641,2.35366343384231,-2.7500163047165,-0.995979487914212,-1.45149342837299,0.0304550429740635,-1.25687830933964,-0.606444691792688,-0.378808757452305,-2.31999408565859,4.27650781018892,5.39449048958459,0.104694720489256,-0.790037964402538
1191,0.420056633562385,-0.330244832729799,-0.675141065050277,0.311839348448824,1.5685477581281,-2.96834189972988,-0.264694718037807,-0.368822100652153,0.585093505785499,-1.00340360980936,-0.293750937174367,0.491279199343746,-0.464299612808688,5.82936963434076,4.64083790060146,-0.690117861686574,-0.95924947892091
1192,-0.201986999006961,-0.0164578853180085,-0.627085689198034,-1.06674761931409,0.34513662656486,-3.10046513804057,-0.20541022470958,0.396374176082874,0.404421021115042,-0.834208452782865,0.0474943104029584,1.46181898880537,0.764665581668727,2.35537835975601,1.84365488379096,-1.45891163758697,-0.536903961328627
1193,-0.550353240209251,0.23261484514609,-0.374388343562703,-1.35152932364588,-0.870978934030346,-2.21548113020958,0.168386707137011,0.302446646205416,-0.321561354645067,-0.522851199532989,-0.0831836766017132,0.389343587761398,0.82568413328264,-2.04541977430277,0.487330963551118,-1.81821896234299,-0.0686161863140969
1194,-0.594512341206724,0.886370366704925,-0.39331476851374,-1.40835037629165,-1.82052555540879,-0.716909552998272,0.800457822961356,-0.0316222683920776,-0.671657163968536,-0.793181807564036,-0.2714222055013,0.139920351851752,0.291986660715875,-3.8453277977515,0.850366561903972,-1.47625750843726,0.014389899688341
1195,-1.15249801862542,1.11804907525495,-0.437229988907943,-0.939576691964029,-2.54952145444579,0.053700241485648,0.917433392405826,0.230435539966031,-0.562595185750606,-1.30362960272854,-0.13827341622133,0.729870849160944,-1.09661509661062,-2.1723953829476,0.539359498983532,-0.898887807277576,0.331834521291567
1196,-0.694551786059025,0.425307994162993,0.154960104286616,0.05073308271944,-3.01194841426602,-0.090633318963119,1.41682909272645,0.941153849372132,-0.350507363958253,-1.92539000119995,0.24698871633446,0.163215680845098,-1.55554335804484,1.08754033386128,-1.28737043954628,-0.39771603878167,0.862627340173666
1197,-0.520913839544269,-0.189129790360894,0.612151557010106,0.108907017571065,-3.07760855297836,-0.27179925320162,1.15025976620395,1.49125608268778,-0.063653783513358,-1.75905716825849,0.237380040819411,0.120631225933695,0.212060952263848,1.46424742657796,-2.33510514618871,0.19142407474071,0.864243834364497
1198,0.373171662132969,-0.230984155591645,0.288627980503316,-0.826611027775409,-2.82450836016413,-0.0284487917856457,-0.0880831661742312,1.70760249317219,0.194528157374874,-0.593137157621061,0.00951716431966796,-0.254764840010031,1.84258837549621,-0.24282646607908,-2.21009338119103,0.686400889361512,0.032621767540575
1199,0.568071398016879,-0.0337311154132394,-0.182758290933452,-1.10192255666624,-2.35141864277522,0.706033554722697,-0.154748930410913,1.75707099224099,0.521714092028664,0.790955555497898,0.00219626868915415,0.126121207925758,-0.0228819568552176,0.548948930425219,-2.50023529995355,0.82516785616384,-0.268756863745875
1200,-0.0997668578091064,0.655174825430296,-0.576073059447192,0.238783709332831,-1.99786404970878,1.61327307754352,1.02709798876002,1.89107426819949,0.894994145778335,1.30967228690806,-0.322485452524134,-0.0142442776010268,-1.36131529234421,-0.0276200719710802,-2.15206499743853,0.705605246374334,0.144906487219124
1201,0.161644116614208,0.813653691758568,-1.00502273743906,0.945664661890361,-1.96306978816891,1.99272457293578,1.71564168518556,2.19633874030123,0.939579231213338,1.97404951064554,-0.428729950361965,-1.09888666576254,0.278021147142268,-2.55677471787847,-0.519837604449511,0.617017405960348,-0.323267021837215
1202,1.3296795967017,0.160834306795804,-0.592633681279349,0.501919298370993,-2.12301115169897,1.99111331393199,1.2008741952905,2.03603575597704,0.853701497421609,1.76128342032463,-0.0685418853406856,-1.17871397148496,0.818701376495837,-1.05646775289382,0.148115658528767,0.773130243612967,-0.569128325668403
1203,0.398794844193231,-0.125381907963984,0.605497735738257,0.923342105493808,-2.33121552317143,1.7522441666203,-0.0590853161767289,0.987491430778345,0.686061576185998,0.609356994102924,0.226307186178258,0.0154313007344457,-0.603847321517268,2.52263324002533,-1.42706840043194,1.06986853423044,-1.02213427254068
1204,-0.77578272493092,-0.521941449241208,1.09714119638043,0.53844711792899,-2.36039780704358,1.18991477429802,-1.23686667819649,-0.338452199325108,0.32622564050596,0.803995031885278,-0.136443192313701,0.553597913848238,-1.33854076251648,3.09153000020744,-0.816695771331532,1.24704421505841,-0.857254272364382
1205,-1.20183627344358,-0.858346664732243,0.504951103185873,-0.128523809555915,-2.28800329512997,0.606437607551003,-1.31222593928091,-0.744219128395728,-0.0873867674526057,2.05769298113044,-0.330904482499225,0.852430987686445,-0.798290241272873,3.13602900504973,2.76637782543571,1.24704421505841,0.287394732830804
1206,-1.51694689537617,-0.960898918933998,-0.272806672145808,-0.171139599040244,-2.30427803036637,0.255183144725048,-1.3632152900644,0.0751420239019666,-0.276701899453541,2.62570529400508,-0.377666703339132,1.19414527221941,0.310571536471522,0.19410772801898,4.90160742758802,1.05933711264277,1.19814677813097
1207,-0.145288894022551,-1.01513444559665,-0.52520829239128,0.0561446115428469,-2.14714265567017,0.31741802374639,-2.7234312065533,0.775215213255289,-0.39454370988021,1.84460885480008,-0.591436855750135,1.28079796095899,0.356120596126978,-2.35537835975601,3.78688933970042,0.600910525885078,1.37335725545433
1208,0.753158000345795,-0.744077604102254,-0.136625130115299,0.010146616543888,-1.70211282661987,0.563034318136443,-3.06386010737246,0.840025208870736,-0.528024596428696,0.410584488197743,-0.337859333348213,-0.469764405050528,0.245255903758037,-1.97598598226436,0.541956448256407,0.0489401356133208,0.467939159526217
1209,0.892722566461267,-0.60516701242732,0.453199159960381,-1.1323624062979,-0.928782304007875,0.480155183129057,-1.97658718625399,0.560434261602168,-0.277799378479633,-2.01316793980768,0.401185080552157,-1.18049450618509,0.273938920097676,-1.7258708860818,-3.80981413328165,-0.514800667021134,-0.566588235144167
1210,0.844747246859073,-0.366603170202977,0.97929462852124,-1.55310877231779,-0.190807240702524,0.400095751378302,-1.63015953828383,-0.0266128001319465,0.339944128332114,-3.31266307441339,0.941833222865603,0.0906588918148682,0.602558197187397,-1.97176624904656,-3.32409506927922,-0.892073358014962,-1.11533525319281
1211,0.612230499014353,0.627634290733005,1.022026947356,-1.22165263188411,0.365339746168657,0.46968199960443,-1.23592937395415,-0.495624265986722,0.84670506863027,-2.12479857912403,0.727330980891548,-0.356848829484056,-0.0869084652388312,-0.981663391305476,-0.706012002322127,-0.884019917977326,-1.14833035104973
1212,0.435594095024459,1.7698417297575,0.32722014388004,-1.11545137872475,0.875468516164523,-0.173210342907294,0.781711738114486,-0.953364428256202,0.568631320394114,-1.08895529635095,0.179636476533733,-1.5015842637749,-1.4115911412092,1.58968858677995,0.109967369209991,-0.729765566487239,-0.251301093651873
1213,0.20444028239571,1.71379432581214,-0.100546632552385,-1.08704085240187,1.36651656209014,-1.2571848377062,3.24082314832691,-1.63465211163403,-0.311821228288497,-0.349203538374223,-0.0905960834276085,-0.737586499528167,-0.95653025276459,1.61769227086174,0.489032413074725,-0.735960520362343,0.501321830822789
1214,-0.103583076413826,1.06006900220802,-0.0208486399851268,-0.92131278218503,1.9069500114917,-1.26685239172893,4.77800210577027,-2.31969689620696,-0.746834477255864,1.08990940437929,0.443371741622993,0.192297747613861,-0.0258899136249176,1.71819864386762,0.405571836443038,-0.848089185501724,0.702310756459644
1215,-1.13696055716334,0.875136727552083,-0.45393847343503,-0.830669674392964,2.38452931101478,-0.693244186380124,5.64632075587729,-2.8579016424048,-0.512111150550356,0.662469007680789,1.36681121421693,0.816078404225491,1.0506363288452,1.25172631724493,-0.914126144051784,-0.805344003763507,0.293489144622639
1216,0.111760687709655,0.200514419287296,-1.09418394248183,-0.242842355950386,2.7122688068097,-0.92365422392192,5.29089498718063,-3.01945699379403,-0.0891701708700058,-0.394046615706432,1.23064255548937,1.16283753707549,1.23841877289647,0.95864666466291,-2.20686958209367,-0.700649283274251,0.0209404204218533
1217,1.43380784720191,-0.852911032884093,-0.947652011806225,0.510036591606103,2.76894978125369,-1.20240203157738,3.50926708333409,-2.43491466618998,0.104260507478776,-0.449384881350434,1.10289292673691,0.291117423470984,0.936763679706561,2.13940474142659,-0.613238228298062,-0.791095609850768,-0.125708602598936
1218,0.233879683060692,-1.16829847189562,-0.231257254870485,0.500566416165141,2.48049412913281,-0.269180957320463,2.01407935594773,-1.4214366188122,0.192196014444428,-0.732436929759412,0.705551316390769,-1.70456521958954,0.334098055491675,-1.30581562485496,2.36770133706203,-0.769413271287904,-0.255907279605522
1219,0.500742398347892,-1.33015950915163,0.45541710038433,0.19481503764265,2.04332106881733,1.26000454096283,-0.115335287020369,-0.675025848052667,0.406478794288965,0.657380431529616,-0.356527617206023,-0.45730066214963,-0.694408305690735,-5.03452534095079,4.29410039768526,-0.448514660557522,-0.20571944803869
1220,0.363358528577975,-1.14993811543076,0.952975068823704,0.458627067783737,1.64094227004171,1.89040962619519,-3.58575110950932,-0.369135192418411,0.645592037098842,1.40508308974255,-1.15194292746135,2.24762830312868,-0.50458474811717,-4.32254126347405,3.53041821151034,-0.0681444926261429,-0.150204929086613
1221,-1.38474217942694,-0.424824826887602,0.884218915681265,1.04916015063802,1.35417021122115,1.35386037793352,-5.80828692895425,-0.332503455766202,0.576039303820237,0.772509466949897,-0.94805598415154,1.15067054995794,0.132457524894288,-1.04994634701176,1.21107386090873,0.178414671602992,-0.616130231342675
1222,-1.47878470932897,0.0318890401758109,0.315095402895782,1.04307218071169,1.14764943304901,0.632821973738044,-5.73930133671777,-0.24452466944765,0.0989102972265756,1.06573866766122,-0.77381866814531,0.0620219587211373,-0.289408412056132,0.847782764667879,0.071460879991509,0.382228654093911,-0.268023804292893
1223,-0.939607537890683,0.457076242519956,-0.175808744271743,0.390306516388225,1.02755311095977,0.664644339062873,-5.28189686645414,0.0300568095607867,-0.467937619750138,-0.432210936840226,-1.05567314992009,0.272866942794669,-0.582684197101879,2.28709540404973,-0.10647492018785,0.662860064636117,0.548771492147834
1224,0.851289335895736,0.52073353105273,-0.795797024113138,-0.0155581453672949,0.965260158848064,0.973603253039372,-5.54284236752257,0.0541648755626676,-0.646826701003196,-2.14515288372872,-1.21014404772393,-0.515019662012124,0.190575546765991,4.40693592783013,-0.894066949668203,0.832601800813964,0.573536472025975
1225,1.47006192394675,0.412745645002825,-1.02527992664446,0.0270576441170347,0.824960717155031,0.98246517756021,-4.77350304540702,-0.229809356433515,-0.523497495446065,-1.06764688371791,-1.20648359990868,-1.45885143097182,0.207978725219255,3.54764479984097,-2.1925415861054,0.898887807277576,0.0470446350441705
1226,0.353000220936592,0.570862135874554,-0.450537631451641,-0.238107268229905,0.72450631690282,1.18266410878097,-1.57167175356159,-0.456487795204447,-0.294124378992758,0.900996014767006,-0.945859715462385,-1.16625022858407,0.103452227472181,0.304204403792592,-3.51322461632441,0.930482072040606,-0.155550914900891
1227,-0.322197885055639,0.709047976636401,0.00635809588198903,-0.689969924984384,0.643693838487633,1.2503369869401,1.64065734579808,-0.529125084976348,0.317308623418959,1.25751438135854,-0.447398234219776,0.00964456295902853,1.31963360567837,-2.81417844416451,-3.13783112143167,0.98623665691654,0.334760259424696
1228,-0.850744161809348,0.77028942879222,-0.103503886450984,-0.151522807055394,0.604409994813584,0.561725170195864,2.49547881481536,-0.262683991890625,1.10763070708373,1.14238534593826,0.419670342019205,0.527780160696377,1.34584580038576,-4.51741621571445,-1.12904608387587,1.10394078054351,0.514055183052721
1229,-0.12293675648062,0.631741212573829,-0.160726749388885,0.241489473744534,0.527525900765802,-0.570486391028966,3.54076050587684,0.584229235837791,1.70657988557365,0.656744359510719,1.44514479746343,-0.60523342015196,-0.447326142465381,-2.25141947775375,0.585477736070784,1.1565978884819,0.302723783948053
1230,-0.224884310635281,0.132025458000611,0.1277533684195,0.0764378446306229,0.266568939216762,-1.40260096279814,5.76179663853401,1.82845591494785,1.53482441799019,0.278599544276702,1.71675002535549,-0.437863158339895,-1.54909773639548,-1.47345411723499,2.25701756805262,1.01411394935451,-0.564601419747544
1231,-0.355998678411729,-0.483650442666465,0.313321050556622,0.167080952422689,-0.0230091084376573,-1.7232415045521,5.90276719658248,2.90924869207114,0.78469750365605,1.25337991323571,1.4704018873887,0.70702065384263,-0.276409741729929,-2.99946309363717,3.57340219947516,0.88959537646492,-1.26775914052509
1232,0.0482479066453875,-0.909803979561392,0.45393847343503,0.789406767114486,-0.149278605961387,-2.06643967235911,3.39829026104062,2.92552946391657,-0.48316514123717,0.0438889693038641,1.06445822467671,1.84404043776626,0.98188303125206,-0.168405716601447,3.04613194710673,0.92057014584044,-0.899758159579134
1233,-0.146651829238523,-1.24125673047967,0.738722023870167,1.1479205516652,-0.241315039712016,-2.65575765299486,1.45732063599569,2.15657608598644,-1.96887737280973,-2.38336185480549,0.42516101374209,1.49090105557413,0.850822057715133,3.64584950018259,1.65201793744782,0.802866022213465,0.100029214204953
1234,-0.149922873756854,-0.907992102278676,0.997333877302697,0.877344110494849,-0.445591026817071,-2.68838564782158,0.575879726495851,1.41893188468214,-2.81283874387477,-3.23124585599463,-0.642317080382206,0.234733824633587,0.0841153625241098,3.21160059085949,0.194233895616019,0.235408247253948,0.982962072533836
1235,0.126207800998952,-0.249918273196033,0.84932331967779,-0.141376190511506,-0.650989409455671,-1.62898285283046,-0.0699111801757964,0.726685989485269,-2.87868748544031,-2.98826634477614,-1.54800338107215,-1.8470079955998,0.00494164326450709,2.86404801855673,-2.38310393274942,-0.459665577532709,1.42768895322895
1236,-0.128388497344506,-0.28905482250271,0.0727484459055489,-1.49493483746617,-0.838990661324334,-0.00327286985144596,0.329931093304915,0.218851144614478,-1.91894207712252,-0.568648384893543,-1.19879665949664,-1.34252316389677,0.075521200324967,1.58968858677995,-2.99884956034543,-0.840035745464089,0.830118514582637
1237,-0.822940283403531,-0.0889329766266695,-0.676176103914786,-1.6160177948899,-1.06683695463382,1.12707567315025,1.96458969195199,0.0460244896399546,-0.591129640429008,1.71834855904911,-0.27014104876596,-0.220934680707592,-0.507914985969337,-2.12252580855537,-1.04379450774565,-1.07606348810555,0.400251143393572
1238,-0.709816660477905,0.536557259321788,-1.13898633904562,-0.86719749395096,-1.14428224644837,1.04449864920608,3.14034413354769,-0.249534137707781,0.688119349359921,1.39522397344965,1.03700486606228,-0.966978720061369,-0.736304846411556,-2.2211141210077,1.55888596352405,-1.49917883777514,0.484905728486717
1239,-0.230608638542361,1.0016057618857,-1.21838860622301,-0.34363208028634,-0.874907318397751,0.410266823839719,1.9255978354705,-1.10709248548898,1.66213198501691,0.0238527007086218,1.70467054756514,-1.67548315282077,-0.850070068522708,-0.014577260206959,1.90669806613936,-1.9557469383703,0.145916986665396
1240,0.952964303007202,1.00450476553804,-0.687561531424395,-0.601356140501095,-0.333912671229417,0.164776409059337,-0.332930466880414,-2.03290483831446,1.92058829566166,0.426486288670157,1.24052576459057,-0.0813110846391944,-0.553141764542326,0.314561930781747,0.285843519966036,-2.36895036183973,-0.826756736269167
1241,1.88030542395414,0.38701698758825,-0.140765285573338,-0.179256892275355,0.184634065268031,0.439470893283391,-2.28402297774266,-2.39389964481015,1.75432022320867,2.57609167653115,0.235641328107163,1.81970646353117,-0.00311538379718925,0.870415879199736,-1.19782046461958,-2.78091479453414,-0.967214393955998
1242,2.29954429638695,-0.412141685908586,0.0805851687368377,0.802259148070078,0.543239438235422,1.22576528713232,-4.07314931552795,-2.08143406208448,1.65829080842558,1.5628289504289,-0.654579580563317,1.76450988782719,-0.0464084758753709,-0.490256277486674,-0.628282624085748,-2.84658130561024,-0.674535863595746
1243,2.21013574621922,-0.415886232292867,0.209669301410708,0.527624060282176,0.713282361567377,2.21870364821715,-5.6043295258203,-1.4079736728631,1.57213870487733,-0.884458142275695,-0.121343845075767,1.12885899988137,1.11036575612924,-3.92051577145055,1.2304166554929,-2.48417650391666,-0.716536226310748
1244,-0.306115249507176,-0.1191007333839,0.291437371706985,0.0750849624247712,0.796339631049652,2.69442786908579,-6.756088978812,-0.799010187490912,0.952611794648185,-1.01326272610225,0.912915685125073,-0.382814960527594,2.51551127568909,-3.11876646006781,1.90920546543731,-1.99911161549603,-0.452751576726587
1245,-1.17893896181526,-0.229746039448456,0.0678689769728596,0.474861654253958,0.899600020135724,2.29564126564807,-6.6046206132493,-0.477778035310005,-0.445576484593506,-0.522851199532989,0.957573148471207,-1.14087760910724,1.64879001790554,0.621451619349305,0.554224794821365,-1.48431094847489,0.941263022089203
1246,-2.03159123292697,0.0802963615790541,-0.235397410328524,0.482978947489069,1.02025753999173,1.2213343248719,-5.07943915010794,-0.280217130801084,-1.80645047694806,0.345387106260843,0.492879298324343,0.613394204194215,0.668948100175775,2.8218506863787,-1.78419370043963,-0.868532533289567,1.41781666331592
1247,-1.91410621731023,0.244724224985579,-0.1968052469518,-0.269900000067421,1.06403096579996,-0.0231366722575296,-2.75792400267154,0.37633630304235,-2.26300175180248,2.02080080403444,-0.340055602037367,1.44579417650422,-0.223125936095244,3.14715375626031,-3.19514310538476,-0.214964899466105,1.01869907192964
1248,-0.747978846525104,-0.0272687531048837,0.267483615128329,-0.265841353449866,1.07918330550281,-1.01509317238693,0.170261315621698,1.80810495014107,-2.01277653385342,2.30003642033003,-1.0856888220052,0.30654872420543,-1.15204744279509,2.65919915143789,-3.05902714349618,0.279392419767186,0.603713838758003
1249,-1.33812979504072,-0.536194883865244,0.815019174454035,0.661559398661497,1.10668199607464,-1.47591324747052,2.19104239690218,3.20105021822378,-1.53921433409456,1.32016747521985,-1.13144441969591,-2.17878096139038,-1.5770287635427,0.295764937356984,-1.52234957375395,0.646753184560847,-0.180929191631875
1250,-0.338553107647296,-0.908354477735219,0.939963151669866,0.916577694464549,1.17009734371989,-1.42636703310402,3.81070412767177,3.44776653003524,-0.85205527888247,0.50217885891885,-0.96416195453867,-1.48081135894007,-1.26935775681339,-1.03882159580118,0.662042964633115,0.827645837713881,-1.10335939439358
1251,0.91780057443514,-0.511190977363756,0.695546116950614,0.899666666891402,1.04663383503002,-1.15486989096561,5.28489624002964,2.75645991013714,0.0381373961567102,-2.36650594630473,-1.481749275616,0.372725263893533,0.15018298443002,-0.726177725572984,2.45366931299166,0.823309370001308,-1.72376456879987
1252,0.483296827583458,-0.0599731380579171,0.387104535326681,1.5246982459949,0.843480243458511,-0.664644339062873,4.74650868322752,1.74172949569434,0.562183631115821,-4.10012023380736,-1.95980376028855,0.172860243804127,2.39519300490109,-0.0959030276773619,2.07612661870068,0.960217850641104,-1.62341795361344
1253,-0.641669899679335,0.705182638433272,0.13056275962317,1.5402563913622,0.735730272238262,-0.0676728781591289,2.90039424750775,0.194429986846339,0.704307164994784,-2.22688813815693,-1.38621158763779,-0.81162706747517,1.00079018809017,0.302669955349754,2.21188438068956,1.25138068277099,-0.195850889422753
1254,-1.63034310534499,1.58913716876124,0.19503089461264,0.361895990065339,0.666141749158518,0.0382170494961152,1.18550240571607,-1.45431125426931,0.74916662018631,-1.49922174853924,-0.487388626601457,0.39483356975346,-2.45578184840504,-0.672855642184371,1.91350386423379,1.32262265233468,1.46783249412336
1255,-1.77590458641073,1.78433674801924,0.273398122925528,-0.0561446115428469,0.540433449401561,-0.363439609042107,0.271724499855383,-1.92801909661796,1.07059078995312,-1.50844479281324,0.0806213631310334,1.70990682368992,-2.29034422607155,-2.38223120750567,0.0297305916756654,1.30032081838431,1.85490762506343
1256,-0.343459674424793,1.22289637401481,-0.085021049584737,0.112289223085694,0.352432197532898,-0.902305042121718,0.474275946625815,-0.932387279916903,1.26539331708451,-1.01771523023453,0.153281252263883,1.49742968280794,0.642091343303454,-2.74129214312971,-2.59515827337585,1.4068740250361,1.11798928870344
1257,0.52609299336496,0.440165387881268,-0.437969302382593,0.287487468743493,0.102137993552528,-1.62817722332856,0.312544099609443,0.271450561345854,0.778661369012543,-1.80167399352456,0.278743101131814,1.16016673502529,2.30710284235987,-0.693187084051972,-3.66653417339893,1.39572310806091,-0.680408443757372
1258,0.324651168444387,0.288209279770776,-0.224307708208776,0.33551478705123,-0.141983034993349,-2.04831300856649,-0.717225206241252,0.750480963720892,-0.405655685019395,-0.775371791034932,0.552270064126886,0.469912782942206,0.74178362481351,2.18352013415817,-3.22236629776248,1.31704719384709,-0.920993653382136
1259,-0.187539885717665,0.383876400298208,0.19636165886701,-0.246224561465015,-0.0998932024854391,-1.56936626969027,-1.79962414529954,0.415159682058366,-1.50464374477265,1.54247464582421,1.06043173207993,-1.41908615600229,-0.86790295508593,2.73170184036198,-1.2619382466671,1.6875054355783,0.126635609257639
1260,-0.236605553492635,-0.40815555588661,0.0638766842097502,-1.38061629107169,0.182950471967714,-0.835840608215431,-2.58096096171708,-0.368822100652153,-1.52275214870318,1.6642824374429,1.68343995023665,-2.20370844719218,-0.503617904869766,2.65075968500228,0.201129243685375,2.16018041624873,0.160692682412083
1261,-0.419784046519191,-1.22966071587028,-0.555520144851925,-2.52650751942811,0.332790275695873,-0.769376174309144,-2.47748257336236,-1.12431253263318,-1.00885759473542,2.73002110510412,1.86463211709187,-1.81377134786407,-0.164793060168562,1.65183374871488,-0.258351677663538,2.20912055186205,-0.068732297860095
1262,-0.75724680599371,-1.62102620893705,-1.14430939606309,-2.24443157950803,0.213255151373409,-0.694251223257492,-1.48843913684149,-1.87103639515897,-0.521576907150403,4.38508049827303,1.38291718460406,-0.383705227877658,-1.39483252492087,-0.588844589939002,-1.39483040945833,1.70918777414117,0.102805740575965
1263,0.352455046850204,-1.73843585685708,-1.16648880030259,-1.3075606519557,-0.0925976315174015,-0.0109011741975085,-0.222890948829286,-2.6212042671136,-0.0341590346871253,3.62942693982389,0.637100942245465,0.922613730449837,-0.449796964097634,-2.50805597981837,0.663744414156723,0.812158453026121,-0.62816466749407
1264,3.44004848511181,-1.85729500660329,-0.899153047869192,-1.33258897276396,-0.370951723836378,0.668571782884608,1.43163849975547,-2.73642203709662,0.541194344741804,1.98740702304237,-0.404662505976651,1.06030841392643,2.79181359039153,-3.58754045935475,4.78841625928066,-0.148678893002494,-1.12448174563966
1265,4.99706567583754,-1.71959233311683,-0.691110236102714,-1.14994987497397,-0.415847545178148,1.12788130265215,3.31580748771439,-1.85632108214483,0.92833007119589,0.8370707768679,-0.912915685125073,0.60745908852712,3.04276312660649,-2.89473698741349,4.38579957201021,-1.05252266338015,-0.417685809592206
1266,4.15640723462638,-1.11998174435651,-0.332395338202589,-0.426834335946222,-0.324372309194291,1.6301912970833,4.93246984490848,-0.440833206891538,0.826538891525823,-0.384187499413535,-0.748927623001563,0.37969902480237,0.757682824881924,0.162267922830096,0.45222737337985,-1.90061184888188,0.314399574242614
1267,3.2023525834464,-0.307656762605266,0.0967022024842052,0.367307518888746,-0.426510302746819,2.03502012178523,5.6043295258203,0.971523750699177,0.346940557123453,-1.56060269836276,-0.225026029442918,-1.0178723369067,-1.98439205178206,2.53682688812158,-2.3924171301418,-2.33673660168919,0.89382900813905
1268,1.5442055996956,0.566513630396034,0.460592294706879,0.900343107994328,-0.913629964305028,1.85617037236468,4.17512801709492,1.91768706833144,-0.0860149186699902,-2.66895819129005,0.427174260040481,-1.95443358917421,-2.87517696372321,2.74321020368326,-1.62658574456863,-2.03132537564657,1.60798522860716
1269,0.106854120932158,1.43065830243297,0.540881738053857,0.810376441305188,-1.41534076779931,1.15809240897319,1.62716016470833,2.09646246686487,-0.627483633168318,-3.93346936485645,0.640761390060722,-0.827058368209616,-1.86794115398368,1.23369654804158,-0.0625058824988387,-1.25881462742111,1.25591247287241
1270,-0.102765315284244,2.2138724558419,0.321601361472701,0.902372431303106,-1.81266878667398,0.269986586822358,-1.48993882362924,1.89232663526453,-1.12162356466641,-3.78717280051024,0.383431908648161,0.820232985192457,-0.445070174888106,-0.218658903104385,0.8517993615028,-0.512942180858603,-0.140308847139455
1271,0.0716903923600956,1.94668095255064,-0.0430280442246234,1.83180250672325,-2.00010884077587,-0.367971274990263,-4.13463647382568,1.69038244602799,-1.09967398414456,-1.4225750702622,-0.11255877031915,1.51879609920948,0.514253180591205,-0.592680711046096,0.0546254847052888,0.0861098588639442,-0.630940672285918
1272,-0.077959894353564,1.24077356320428,-0.383703693343291,1.71139599040244,-1.82108675317556,-0.543497802715504,-4.70751682674604,1.63058191867268,-0.501273545167694,1.92666214523774,-0.275814742879608,0.808511131749946,0.443995904613213,-1.22602430582739,-1.79422329763142,0.654187129210972,-1.1042252158043
1273,0.0144471132892968,0.749030068675012,-0.0746706609396386,1.33394185496981,-1.369322550924,-0.446922966175914,-3.98016873468747,1.94837006142474,0.647512625394503,4.04287375210667,0.13699225948599,0.749456730862356,-0.0364177623188674,-0.586926529385455,-2.65641045622572,1.04880569105509,-1.90752854318312
1274,0.160826355484625,0.197917395182069,0.739461337344817,1.16753734365005,-0.72170032806896,-0.390831012106517,-2.30051953240791,2.26490583711178,1.65280341329512,3.2185244156167,0.335205508682151,1.10452502564628,-0.451730650592441,0.386297395484414,-2.38095473335118,1.22350339033302,-1.68679463650547
1275,-0.564527766455354,-0.7578478714509,1.04464993968029,0.664265163073201,-0.115045542188287,-0.253169070970312,-0.665298551215422,1.79276345359442,1.68682526310399,0.783322691271139,0.0696400196852627,0.8920478847643,-0.0125689622162463,0.766073385086767,-0.650491017867571,1.14358848534418,-0.276232296797144
1276,-1.11678911596696,-1.12384708255964,0.857012179814149,-0.0649383458808832,0.312025958325304,0.555380837868446,-0.472401338141128,0.481222044738845,1.04713217577039,-1.25242580520737,-0.453620995505712,-0.114844488158278,0.256106033534454,-0.843563031450075,2.43038631951072,0.657904101536034,1.34185186793014
1277,-2.34315822329803,-1.00643743463961,0.831579796286193,-0.143405513820284,0.528648296299347,1.42797829210781,-0.874692318954962,-0.923307618695415,0.313604631705897,-2.07423085362175,-0.711225010504417,-1.47250219700614,-0.048342162370178,-2.05270840440625,5.09216977423204,-0.0898268311890065,1.94571696464544
1278,-4.71030410639716,-0.944471231570702,0.512344237932371,0.714998245792641,0.594869632778458,1.29464660954429,-1.46875574775228,-2.05450817018627,-0.361207784462654,-0.974144296940113,-0.720101596456415,-1.65530375955265,0.691615202976014,-0.859291127989162,4.44597715516095,-0.96827129067874,1.48644845688344
1279,-6.77869459015535,-0.786354740698973,-0.293507449436005,-0.144758396026135,0.618439938982887,0.800392910132078,-2.54196910523559,-3.41270025221432,-1.49476643353782,-0.667557583831961,-0.66446278966451,-1.16506320545065,0.994344566440817,0.43731780620877,1.15483647665476,-1.95017147988271,0.827425561242142
1280,-6.06669723333189,0.140571479184091,-0.45645213924884,-1.31364862188203,0.650428211688899,0.842285644230586,-2.07856588782096,-4.48973592814251,-2.71022445493513,-2.21766509388293,-0.22832043247665,-0.226573040591332,-0.777449397939952,1.58853775044782,-1.88950447095343,-2.85277625948535,-0.106072350752909
1281,-5.14535302733523,0.817277446324002,-0.114297863180872,-1.33664761938151,0.654356596056304,0.93211333369181,0.608872835826343,-4.31941400729805,-2.7502824393875,-0.74579444215624,0.389380136347954,-0.428366973272544,-1.6492197260155,0.800598475050617,-2.85556960046271,-3.3093443600805,-1.11699788707884
1282,-2.75967122529889,0.629929335291113,-0.0706783681765292,-1.97047293282305,0.604971192580356,0.535038692945613,3.21382878614742,-3.14594606736234,-0.965232803448247,-0.101135451004556,0.177989275016867,-1.73305377479159,-0.431319515369477,1.71321168642839,-1.39590500915745,-3.02189850027568,-2.14717210181114
1283,1.94790701066632,0.155610060630638,-0.238206801532194,-2.16934661708325,0.616195147915799,-0.321647578631336,4.24861266969465,-1.71010722730226,0.988691417630972,-1.77082450060808,-0.436965957946293,0.980481108204008,0.693871170553289,2.35768003242026,-0.407094186016792,-2.17814578248653,-2.19746196228657
1284,4.64924460872164,-0.38001106209508,-0.602096893754868,-1.06674761931409,0.504516792328145,-1.30270290456323,4.32809606944538,-0.542588030925451,2.46329167406434,-1.02662023849908,-0.731448984683712,4.43412491488629,1.07856735599242,0.0448826169530054,0.219576538520276,-1.15907587003194,-0.996485817803217
1285,5.98819216489194,-0.420355529590234,-0.966578436757262,-0.406541102858446,0.25029420398037,-1.90692503098402,3.78520945228002,0.366630458288346,3.03727320471066,1.11217192504067,-1.20611755512715,2.20726951659244,0.641446781138518,-1.27973000132672,0.121877515875243,-0.185848616253117,1.20968531286269
1286,5.11373293032469,0.171162007307288,-0.630782256571283,-0.510036591606103,0.106627575686705,-1.95244309784106,1.7621319756058,1.0410301228085,3.12342530825891,3.51366183238471,-1.29140598922264,-1.76094881842693,-0.0288978703946175,-2.27060008328922,-1.18026866953395,0.528429565546363,2.11275309283899
1287,1.9871595448863,0.940968268824117,0.276059651434268,-1.03157268196195,0.163869747897462,-1.57057471394312,-0.639803875823679,1.64592341521933,2.26190427277639,4.48049130110751,-0.773086578582259,-1.89270838623643,-0.524351321175198,-3.09383167287169,-2.4189239227201,0.997387573891728,0.774360097189606
1288,0.0455220362134447,1.00208892916109,0.804964511198797,-0.955134837331324,0.214938744673726,-1.15406426146372,-2.27352517022841,2.12495381759437,0.566299177463667,1.99567595928802,-0.580364001108983,-1.21669871175437,-0.118814292403149,-1.74390065528515,-1.27089324415977,1.30775476303443,-1.13256381537908
1289,-0.760517850512041,0.513002854646473,0.682829925186635,0.273958646684976,0.0510689967762638,-1.07632101453091,-2.82840928169577,2.11806579873668,-1.70164122995623,-0.240753259152356,-0.596561482691495,-0.635650887945819,-0.672922900192878,0.160349862276549,1.0305411114565,1.27739948904642,-1.22434489706338
1290,-1.62407360335152,-0.352470527397788,0.244860622804042,0.572945614178209,-0.125147101990185,-0.81539775960486,-2.80591397987953,1.59238472318918,-3.19256648690273,-2.63333815823184,0.125827893649456,0.293936603412854,-2.17131507961342,1.96984818849301,1.73297111478156,0.974466244553843,0.459086757484398
1291,-2.75312913626223,-0.78321415340893,-0.2628998715855,0.686587719469754,-0.306975178424355,-0.150451309478778,-2.21953644586943,1.18567851881978,-3.43730430972133,-3.12820218893338,1.26102427235601,0.091400781273255,-1.53104999577728,2.99102362720156,1.54813996653284,0.626309836773004,1.88724713803383
1292,-1.61889444953083,-0.99870675823335,-0.732807516072968,1.33529473717566,-0.579156095308838,0.433630079394656,-1.43632502096719,1.50941540513076,-2.3689084778204,-1.53070731347462,1.17061121131916,-0.0514871284120446,0.296606022897915,2.8019028566218,1.3618760186853,0.359926820143537,1.44930640346523
1293,0.235787792363052,-0.722576660347351,-0.874459977815886,1.37520476224829,-0.88276408713256,1.04248457545134,-0.760528662237522,1.80998350073862,-0.703895610359999,-0.745158370137344,0.685784898188382,0.440088826715056,1.55855131481454,1.02961490514416,1.30492223463192,0.464621540632792,0.104257616358631
1294,1.36511591231695,-0.158267480645289,-0.310511659352952,1.86833032628124,-1.16055698168476,1.55003116164481,0.118850177929157,1.36445391735321,0.954120828309062,0.493591886663746,0.279749724281009,1.04369009005856,1.57874759598253,-0.358677323513333,0.86290355839371,0.831362810038943,-0.779410588347258
1295,2.82618246383829,0.116201729731553,0.373649030088053,2.1679937348774,-1.4035556146971,1.47470480321768,0.511580655471087,0.613659861866061,1.67859417040829,-0.445250413227606,0.251289742517387,1.24281322068958,0.182518519704294,-1.6322695310687,0.0981467725196665,0.973846749166333,-1.9033370527856
1296,2.49035522662294,-0.0332781460925602,0.727336596360559,1.58828370966993,-1.63757508344108,1.25073980169104,0.268818856704118,-0.0197247812742662,1.59628324345136,0.366059446874982,0.298967075311108,0.810143288558397,-1.3815115735122,-2.03774753208859,-0.2786795219719,0.956500878316042,-2.79647958250308
1297,0.298755399340931,-0.350900233752767,0.91763588473544,0.965957894978137,-1.86429898121702,1.12506159939552,0.085880501204724,-0.321545243947166,1.65335215280817,2.1674154043901,0.265565488996889,-0.608646111660539,-0.698705386790306,-0.813641286814738,-0.381482893187755,0.981280693816458,-2.24008260299091
1298,-1.61180718640778,-0.891926790371923,0.669818008032797,0.549270175575804,-2.09046168122618,0.762528323543041,0.338132505425421,-0.0237949742356228,2.00454544115773,1.98009219482505,0.125187315281786,-1.88380571273579,-0.23569489831149,-0.150375947398103,-1.02158611396383,0.81029996686359,0.504351403330846
1299,-3.71808726916998,-0.588980908701719,-0.19754456042645,0.354455137933154,-2.14602026013663,0.0325776429828544,0.842261592169876,0.833137190013055,2.20922527952396,2.65242031879874,-0.31196166505527,0.238740027708876,-0.336783731178907,-0.0498695743922282,-0.659446015360241,0.335766500030631,3.04572059894665
1300,-3.43895813693903,0.0476825704901566,-0.743601492802856,0.266517794552791,-1.94679505293252,-0.631512825797466,0.529951818621019,1.71386432849736,1.61987904251235,0.945203020080319,-0.250557652954335,2.05889162491508,0.53294548337434,0.98511590030186,1.52879717194867,-0.120182105177016,3.38657298323916
1301,-1.32695372626975,0.821263576345978,-0.581691841854531,0.168433834628541,-1.69088887128443,-0.973603253039372,-0.663423942730735,1.96026754854255,0.417042029915104,-2.21893723792072,0.127932651143229,0.227760063724751,1.82625946731784,1.07603197054,2.63778406144096,-0.323376592280424,1.79572203135418
1302,-0.187539885717665,1.57222631412255,-0.184680505967542,-0.578357143001616,-1.44845143603887,-1.13916011567867,-0.901311759437517,1.20759494245786,-1.00542797277888,-3.27195446520401,0.496722768530362,-1.6084163457826,1.08458326953182,0.951741646670139,2.02597863274173,-0.437363743582335,0.212467559007769
1303,0.284308286051634,2.10660932070508,0.344372216491917,-1.65119273224204,-1.29692803901039,-1.07752945878375,-0.105915379384816,-0.594874355890569,-1.91125972393988,-3.78208422435907,0.70628340595382,-1.98945077161007,-1.19587767001072,0.0824766038025312,1.39232301016038,-0.720473135674583,-0.249725924579349
1304,-0.189720582063219,1.86454251573415,0.249592229041802,-1.6187235593016,-1.11846714917686,-0.802406983886814,0.431909794871889,-2.78025488437277,-1.89973619416591,-1.95592145810698,0.546138814036331,-1.92475801083874,-1.56284839591411,-0.842412195117947,0.00761174786876976,-1.06862954345542,-1.10841831106079
1305,0.587152491040479,1.50941456832172,-0.495635753405284,-0.647354135500054,-0.710476372733517,-0.494253699412209,1.3452190486114,-3.81220534595977,-1.73676055879119,0.367967662931672,0.430102618292687,-0.958521180235759,0.115269200496002,-1.20492563973837,-3.06905674068797,-1.0971263312809,-2.71191916250961
1306,2.18369480302938,0.755311243255096,-1.06328063924147,-0.618943609177168,-0.213816349140182,-0.348233352193851,2.42049447542788,-3.3701197720032,-1.82510762039163,1.16210357852405,0.294940582714325,1.36092202246476,1.09790422094049,-1.48381164422414,-4.65659869618856,-0.947827942890897,-2.40319284494537
1307,2.8926937023777,-0.21691190869588,-0.760605702719804,-1.1479205516652,0.235703062044295,-0.302211766898134,2.18954271011444,-2.67004658264988,-1.53098324139887,2.13561180344527,0.086386568440063,2.12536492038653,1.09919334527036,-1.20032229440986,-3.4702406283596,-0.998007069279238,-0.864085755756608
1308,2.13762759272954,-1.03107896568455,0.224307708208776,-0.293575438669826,0.546045427069282,-0.0122858499038895,1.06177824572673,-2.44211577681392,-0.350918918593038,1.83856617062057,-0.557394691068246,3.68451980613225,-0.327974714924786,0.961331949437875,-0.56604539151169,-1.06305408496783,0.393964268890558
1309,1.42235919138775,-1.78481991529463,1.10497791921172,0.172492481246096,0.788482862314843,0.470084814355377,0.255321675614372,-2.26208801121545,1.65883954793863,1.6649185094618,-1.35509778120811,3.97237291598634,-2.60016377335064,2.21651077567919,2.28352436063093,-0.981900189203968,0.668874723602541
1310,1.5199453528513,-2.10805882253126,1.44136555017742,-0.52694761917925,1.01127837572338,0.851953198253319,0.0910825397497304,-1.48248951323255,2.89021101521428,1.65346921312166,-1.31739516871096,1.0677273085103,-2.2727261935633,0.748427227994132,2.59157627437879,-0.769413271287904,1.36370643607825
1311,0.387618775422266,-1.77080806430829,1.20833394296777,-0.973398747110322,1.20545280302654,1.17138529575445,-0.0581948771465026,-0.0911097039811346,2.96758328655379,0.740705866005068,-0.046121642472237,-2.21913974792663,0.0161140541233927,0.149225111065975,0.76296578637551,-0.274436456667103,1.86528022975828
1312,0.302844204988845,-1.70316464575354,0.878895858663785,-1.36911679232195,1.43217670080248,1.31237045858596,-0.785273494235391,1.38574415745877,1.98314460014893,0.553700692449473,1.49785524600313,-4.0329110957907,1.89501276491098,-0.815559347368285,-1.34038402470289,0.408247460369347,1.16346296742987
1313,1.55483649438017,-1.55145012128074,0.702199938222463,-1.78242230620966,1.65384981867747,0.735439031541843,-1.22468172304603,2.56484774918713,0.914748768247998,-1.38472878513786,1.49565897731397,-2.98417615741511,2.11674214964886,-1.34993101758655,-2.47337030747554,1.02712335249223,0.108947535828692
1314,1.14922697410708,-1.18327665743274,0.380007125970042,-1.23247568953093,1.76159978989772,-0.383681050277204,-0.62799384237015,3.24112596430483,-0.0788813050003897,-3.050601402628,1.08532277722367,-1.21966626958792,1.39010573571134,0.149225111065975,-1.71219552059856,1.53572906563826,-0.120317680733684
1315,0.710089247521099,-0.104515121258032,-0.311398835522532,-0.096054636615473,1.6953784534186,-1.07752945878375,-0.311325604094396,3.29122064690614,-0.639418717577072,-1.48363798407627,0.844465310979769,-0.735954342719716,0.390497244923549,0.905324581274296,1.65345073704664,1.73272859886656,-0.221567229694366
1316,1.52076311398089,1.34562086196414,-1.12124281565402,0.894931579170921,1.53880427648918,-0.729195402902161,-0.927181356526198,2.7088699616659,-1.11215780806636,-0.374964455139534,0.405760640321228,-0.987009735437812,-0.378465417844749,0.7146693622517,4.63510670220615,1.45705315142444,-0.772819432584793
1317,0.650392685061552,1.7104121548844,-1.24500389131041,1.50440501290713,1.47033814894298,0.381364865459258,-1.67215076834082,1.53571511349644,-1.78779333350448,0.0114492963401384,-1.21892912248055,0.180724272063027,-0.867688101030951,0.140018420408948,3.52898541191151,1.04013275562994,-0.982578110026856
1318,-1.7298373761109,1.81622578819505,-0.499775908863323,1.4617892234228,1.62971831470627,1.04731835246271,-2.3095176531344,0.0776467580320322,-1.6560958503734,0.531756207797541,-2.5033802608542,2.35861496610335,-1.41330997364903,-0.425425830776777,0.622193225790733,0.822689874613798,-0.703784418202737
1319,-2.34206787512525,1.75631304604655,0.231405117565415,0.532359148002657,1.99393566534138,0.617112198451104,-2.57946127492933,-0.984673604882021,-1.03602020063121,0.053748085596761,-2.7299619806186,1.9158553373381,-0.276517168757418,-0.795995129722104,-0.91914094264768,0.800388040663424,-0.164519588974605
1320,-1.43217232494275,1.05523732945411,0.0736356220751287,0.461332832195441,2.34300067627364,-0.278143585529039,-1.47156766047931,-1.33502329132494,-0.535295394976558,-1.81852990202532,-2.45908884228959,0.748863219295646,2.6457128330061,0.259321786839587,0.193338395866752,0.671533000061263,0.2589742854489
1321,-1.46052137743495,0.282411272466083,-0.481736660081866,1.16280225592956,2.46141340506256,-0.928890815684233,0.95136380597866,-1.31561160181693,-0.415670181132488,-1.33765945573951,-1.57472465012352,1.2014157889116,2.59887464902077,1.35184907814009,1.20032786391753,0.304791730655112,0.798426963418692
1322,-1.24027104653397,-0.106538384223732,-0.97589378653785,0.704175188145827,2.37330535567934,-0.87330238005352,2.79691585915303,-1.13558383621847,-0.0953434903917754,0.907038698946524,-0.386268755704985,1.92475801083874,-0.215068909033548,0.0161117086497968,0.201935193459715,-0.0607105479760182,1.32533024611722
1323,-1.8920266668115,-0.490656368159636,-1.41179301119142,0.273958646684976,1.87383934325214,-0.211679151622751,2.87190019854051,-0.9399014823071,0.894445406265289,2.62443314996729,0.74938517897847,1.10600880456306,-3.05737320234504,-0.435016133544513,-1.90490706664083,-0.201955496328387,1.51843249359345
1324,-3.33537506052521,-0.817156654505154,-1.35974534257607,0.801582706967152,0.973116927582873,0.379753606455469,2.54946753917434,-1.17785122466333,1.79712190522627,3.57726903427437,1.79801196685419,-1.4825918936402,-2.05228593315529,-0.709298792701768,-2.10048421188075,-0.0644275203010806,0.422960981004726
1325,-2.4303860771202,-0.587531406875546,-0.608011401552067,0.206990977495315,0.030304679405695,0.300701211582082,2.90639299465875,-1.79652055478952,1.52275214870318,1.99217756318409,2.53339593293931,-2.36276954707031,0.605351299902118,-1.7623140365992,-0.91126054485413,0.208769945591001,0.280232247277388
1326,-0.748524020611493,-0.240496511325907,0.13233711196233,-1.58084285753775,-0.748637820874021,-0.0559157226158576,1.81312132638928,-2.1531320765576,0.467526065115353,-1.28454744216164,3.21094482354336,-1.7840957695286,1.29857790829047,-0.462636205515594,0.370289146321917,0.516039657796155,1.10736672722505
1327,0.71336029203943,-0.365153668376804,0.204346244393229,-2.07532130377656,-1.45574700700691,-0.122455684287947,-1.65715390046332,-2.14092149767353,-0.458609048028353,-4.05941162459798,3.38664631867569,-2.35920847767006,-0.253850065957179,1.52946148539857,1.17883586993512,0.813397443801142,0.229199738316672
1328,2.60266108841898,-0.333264628200993,0.364481543002394,-1.79730401047403,-2.13030672266701,-0.0886444211303172,-3.95617374608348,-1.92081798599402,-0.284109882879665,-3.55945901774526,2.23214107774366,-1.73246026322488,-0.96684324740356,1.00966707538727,0.247695230647261,0.90446326576517,-2.20505896340431
1329,2.73241252097946,0.00640196639893173,1.022026947356,-1.22706416070752,-2.49059568893471,-0.323560948698335,-3.51376614369734,-1.19319272120998,0.613627960463901,-2.18363524087196,0.775282847271413,0.24244947500081,0.365681601573524,0.675157314848628,-1.49548458127594,0.709941714086907,-2.12325569110987
1330,1.23454671862689,0.43086441782999,1.48809016177529,0.345661403595118,-2.60115164898882,-0.731914402471055,-1.61516267040633,0.323110702778457,1.223689114093,-1.05715169540612,0.0113473882272964,1.30988002772775,0.792274327733473,0.46493787817985,-1.72150871799094,0.482586906870594,0.491851558080081
1331,-0.529091450840097,0.849166486499813,1.44905441031378,1.78512807062136,-2.55288864104642,-1.13674322717299,0.749093550480932,1.92238344482531,0.708011156707846,1.81852990202532,-0.633898050407115,0.385040628902755,-0.169090141268134,0.413917467455494,-0.618790326743518,0.299216272167518,1.23130356552845
1332,-1.67313927112649,0.449466357932547,1.03370810025547,1.78648095282721,-2.47768814029895,-1.41106007256803,1.94209439013575,2.91050105913617,-0.55326661402882,3.29485305788429,-1.13913136010795,0.345868865499931,-0.37835799081726,0.38207766226661,0.546344397027815,0.0297357786004987,0.0539882980779339
1333,-0.786141032572303,-0.692499497454257,0.514414315661391,1.0511894739468,-2.46029100952902,-1.1564811499694,2.11755774430245,3.1484508014924,-1.66871685917346,3.64978124442858,-1.45978658872445,0.520954777679218,0.484603321004162,0.134264238748307,0.338857105122644,-0.175936690052951,0.541394356708071
1334,-0.52036866545788,-1.68722012566563,0.429984716856374,1.01669097769758,-2.18362051051036,-0.180536536190146,2.66194404825556,2.83535903523421,-1.82675383893076,2.34646967770949,-2.03301271659369,0.410413248379583,1.15806335633449,-1.34686212070087,-0.554045694871512,-0.195760542453283,1.09062323366046
1335,-0.886725651510992,-1.9650413090155,0.571045727819573,1.19865363438464,-1.49222486184709,1.04449864920608,2.85990270423851,2.47436422873851,-1.25990592195405,0.894953330587489,-2.94995489431554,0.688918551057992,1.02743209090752,-2.07150539783102,-0.68962435691054,-0.215584394853616,0.584790144291702
1336,0.314565447846199,-1.86454251573415,0.114445725875802,0.816464411231521,-0.574666513174661,1.82434800703985,1.48675198920527,2.3957781954077,-0.36614644008007,-0.25474684356808,-3.42178661770216,0.0954069843485438,0.175320908862512,-0.763004488201091,-0.401542087571336,-0.231691274928886,0.0497077781294219
1337,1.18384552859276,-1.40601677138803,-0.710628111833471,0.512065914914881,0.232897073210434,1.83441837581353,-0.51551733328893,2.08894826447467,0.659173340046735,-2.05864708915878,-2.58134779931917,-0.746637550920486,-0.968132371733432,-0.504066313472214,-0.0635804821979591,-0.162927286915233,-0.714702273730384
1338,0.127843323258117,-0.230712373999238,-1.4052870526145,0.169786716834393,0.844041441225284,1.51136094555388,-2.26152767592642,1.3106021335568,1.03121872989205,-2.05737494512099,-0.669861950192014,-1.11016338553002,-1.10005276149027,0.974374761201997,1.02480991306119,-0.279392419767186,-1.27021778445694
1339,0.70763596413235,0.740937016812212,-1.6696655511493,-0.295604761978604,1.27728611717337,1.26322705897041,-3.82120193518601,0.559181894537135,0.387821650845394,-1.37391556081661,1.31336867611418,-0.0436231001531444,-0.575379159232608,2.37072284418439,1.96974124848776,-0.740296988074916,-0.687985785352813
1340,2.24502688774809,1.38282474216925,-1.26747902093977,-0.866521052848035,1.43329909633602,0.744603067125891,-3.93817750463048,-0.0929882545786837,-0.894994145778335,-1.50558246872821,2.80317093692374,-0.325392716448455,0.815800846753627,2.24835058086807,1.85404268088246,-1.43165384053651,-0.113762233083154
1341,2.07738585618361,2.01722337475773,-0.682534199796775,-1.28523809555915,1.40187202139678,-0.454072928005226,-2.14155273290645,-0.575462666382561,-1.70273870898233,-0.545749792213266,3.19630303228233,-1.0598632802514,2.31612671266897,1.10326843040037,1.56569176161848,-2.06044165885956,-0.0930571451675388
1342,0.942060821279431,2.81155037550066,-0.304153563470963,-1.02886691755024,1.20433040749299,-1.28135372276303,-0.405852736934739,-0.616477687762385,-0.995413476665787,-0.446522557265399,2.05241309001455,0.399136528612104,1.46143728196423,-0.900337623835073,0.719444498561132,-2.26797261367554,0.173283282437226
1343,-1.79253239604558,3.59476452890959,0.321453498777771,-0.745438095424305,0.858632583161359,-0.665852783315714,0.794833997507295,-0.438328472761472,0.836416202760654,-0.177146057262698,0.314981534502857,2.63400433305653,0.302299655354847,-2.02930806565298,-0.889052151072308,-1.9916776708459,-0.271051129998401
1344,-4.09316704060531,3.71507318048197,1.06224560037696,-0.658853634249794,0.543800636002194,0.312584246735024,1.54917645174535,-0.412028764395784,2.18014208533251,0.231212178868907,-1.02272911958278,2.64587456439072,-0.440665666761045,-2.14707698364078,-1.84329668389126,-1.56112837652618,-0.702078051909959
1345,-2.58194447313622,3.13768828638963,1.17077681845556,0.321985964992712,0.424826709446502,0.0757291731780728,1.20649802074456,-0.609276577138446,1.38392105190249,0.180644453366629,-1.33679554213182,2.66724098079226,-1.02012705303825,-1.09329451552193,-2.76422862603747,-1.18819215324493,0.0647004909294277
1346,1.18875209537025,1.16733213734483,0.569123512785483,0.85434511299537,0.512373561062955,-1.0336226509305,0.214174019375492,-0.869768926665264,-0.034844959078433,0.410584488197743,-1.12741792709913,1.83929234523258,-0.981023615032146,-0.0410464958459109,-3.13639832183285,-0.781803179038112,0.687791998632989
1347,3.15437726384421,-0.875136727552083,-0.149932772658997,0.110259899776916,0.706547988366112,-1.49685961451978,-0.373609470998122,-1.21197822718547,-0.534060731072204,1.05524347934943,-0.829457474937215,-1.1902874470358,-0.443243915420788,0.134647850859016,-2.09582761318456,-0.406388974206816,-0.275346334406428
1348,2.90468753227825,-1.92107308695491,-0.662277010591369,-0.329426817124897,0.94337344594395,-1.1633290007355,-0.0489741466624483,-1.53508892996393,-0.288225429227511,1.04729257911322,-0.506056910459268,-4.72553909414063,0.0691830057030992,1.15237078057118,-0.59210443421536,-0.117084628239464,-0.718072878768152
1349,1.77617717345393,-3.32612352379215,-0.960663928960063,-0.56618120314895,1.25427700873571,-1.00180028560568,1.28710618558611,-1.44335304245028,-0.36079622982787,-0.577871429167543,-0.0285514929590039,-4.8810391246185,0.633067472994354,1.41974842173567,1.15232907735681,0.262666044304405,-0.549274615432843
1350,0.390617232897403,-4.48379231562917,-0.894125716241573,-0.67576466182294,1.61456597500342,-0.950642812235382,2.20903863835518,-0.881040230250559,-1.06949331092702,-0.630347370726511,0.50816166795304,-2.05711109021495,-0.250197547022544,1.26975608644827,1.36545801768237,0.760740335862759,0.045728008750641
1351,0.264136844855257,-4.05860511328502,-0.515449354525901,-0.602709022706947,1.91031719809233,-0.0691582575532467,1.68714763621831,-0.14558767131006,-1.42013785976354,-0.513946191268437,0.71653265983654,0.55344953595656,-1.96290664628421,-0.320699724553098,0.874365955184328,1.29040889218414,0.0495242625069632
1352,-1.50849669703714,-2.88595813591088,0.156882319320706,-0.866521052848035,1.79078207376987,1.64670670187214,1.09758326778425,0.083908593357196,-0.783600024629958,-0.500588678871609,0.915844043377279,2.25237639566236,-1.61742132587867,-0.921819902034802,0.68013205956831,1.70423181104108,-0.360353145920554
1353,-2.77602644789055,-1.57464215049951,0.518554471119431,-0.865168170642183,1.33396709161735,3.1528310556637,0.92549420888998,-0.482787503570136,-0.134578365574578,1.1070833488895,1.66513771116037,2.55447378311747,-0.212168379291337,-0.778348972629469,0.652998417165518,1.68688594019079,0.00205908179452779
1354,-2.35951344588969,-1.07118184954201,0.411206154600267,-0.294928320875678,1.01240077125692,3.17337460796201,0.121474629807719,-1.49657864271417,-0.232391183775061,1.04665650709432,2.51033511170319,2.17700042669026,2.4201160752786,-1.11707846638591,1.83398348649888,1.33749054163493,0.677097619715988
1355,-2.21177126847839,-1.05716999855567,0.553154341733045,-0.416011278299408,0.851898209960093,1.63623351834751,-1.78012821705879,-2.50035084533794,-0.153921433409456,1.66110207734842,2.88736123667465,2.22448135202701,3.05952174289482,-1.34225877537236,1.80174549552526,0.982519684591478,-0.72736059880378
1356,-0.78341516214036,-1.06731651133888,1.04657215471438,-0.452539097857405,0.65323420052276,0.192822386094036,-3.13134601282119,-3.15346026975253,0.50538909151554,3.03915210628786,2.15307540493411,2.79009787510112,0.693119181360864,-0.817477407921833,0.421153532080284,0.628168322935535,-1.72074623030455
1357,1.70312384587786,-0.462511874368106,1.46679793370538,0.167080952422689,0.264885345916445,-0.275323882272408,-3.24532220869016,-2.92552946391657,0.959196668804739,1.40285683767641,0.644879393852886,1.95918168170789,-2.01490132758902,0.0813257674704029,-1.06277910243011,0.436124752807314,-0.233438371446241
1358,1.04182767908854,0.897362422220072,1.24914404676845,0.403158897343816,-0.146472617127526,-0.489419922400843,-3.62774233956631,-1.54009839822406,0.586190984811592,-1.92952446932278,-0.941101133302551,-1.60663581108248,-1.63160169350725,0.749194452215551,-1.26158004676739,0.473294476057938,0.766507923496692
1359,-1.2200996053376,2.2032427757833,0.220167552750736,1.40226240636532,-0.2396314464117,-0.73302214303616,-3.44777992503636,0.306203747400514,-0.487692242219801,-3.53783256910278,-1.34082203472861,-5.54814612559992,0.335494606849036,0.738836925226396,-0.682191708991624,0.395857552619139,-0.0301311146967042
1360,-2.50234905652349,3.26717711619444,-0.98062539277561,2.23969649178754,-0.118973926555692,-1.18508099728665,-1.53417958386785,1.7345283850704,-1.28624541858027,-3.23379014407021,-1.70247427887599,-6.32208520858904,1.30674236237966,0.593447935267515,-0.0498793360341736,0.211247927141043,-1.01230210410174
1361,-1.90919965053274,3.05554984957315,-1.51647979920185,2.23360852186121,-0.0746393029806933,-2.13169566201256,0.513455263955774,2.81031169393355,-0.950554021474261,-1.49985782055814,-2.39210264727039,-2.42568177314151,0.578279688974819,0.383995722820157,-0.0770129784369646,0.187087607028138,-0.877125234833799
1362,0.461489864127916,2.24431199419154,-1.52535156089765,2.62256215604358,-0.299118409689545,-2.87086073000066,2.64094843322707,3.66567839935094,0.265178369679571,1.40031254960082,-2.69738399506282,1.97520649400904,-0.0923872436407847,0.641015836995487,0.00241784932302098,0.312225675305237,0.843584484929337
1363,1.87539885717665,2.46318676994369,-1.32721554969148,2.10305538899652,-0.603848797046812,-2.326658001471,4.50805848397534,3.64438815924538,1.31697483131085,2.26664263933796,-2.62380899397615,1.595359091315,-0.538639115831273,-0.354841202406239,0.0638491321227393,0.484445393033125,2.21137809557249
1364,1.90456567079843,2.58107958513912,-0.900188086733702,0.43359874697548,-0.798584422116741,-0.960713181009062,4.26660891114765,2.6287184695038,1.31203617569344,0.636390054906029,-2.48947055915622,-0.102529123149057,-2.08537345762199,-0.683596781284235,-1.15555287645418,0.791715105238278,1.04061943929525
1365,2.392223891073,2.8473047538796,-0.310807384742812,-0.708910275866308,-0.973678125349646,-0.174167027940794,2.90639299465875,1.165327554013,0.962214736126493,0.784594835308932,-2.40161981159006,0.74470863832868,-3.09991430523079,-0.616464661910082,-1.45751539190702,1.07482449733053,-1.11146232729951
1366,2.18178669372702,3.04830234044229,0.435751361958643,-1.13033308298912,-1.32218193851514,-0.056595472508081,1.10939330123778,-0.151849506635224,0.524320604715634,0.242979511218494,-1.29506643703789,3.49993770888562,-1.36990945454336,-1.58661968989427,-0.249128030246088,1.25881462742111,-2.03271155447156
1367,0.879638388387941,2.16990423378131,1.12493938302727,-0.642619047779573,-1.74308026359424,0.138291339184559,-0.593688507100378,-0.837833566506928,0.017285294660955,-0.527303703665265,0.150261382816296,3.58540337449178,1.45198370354517,-0.903022908610039,1.13083708337441,1.39758159422344,-1.04816067156401
1368,-0.882636845863078,0.535711716589853,1.43545104238022,-0.22254912286261,-2.20550722341447,0.419430859423768,-1.1763168241411,-1.15718716809029,-0.707188047438277,0.841205244990728,0.968554491916978,1.19533229535283,2.40722483197989,-0.357526487181205,1.2830720407498,1.32881760620979,1.01144551063005
1369,-0.179089687378642,-0.876586229378256,1.1630879583192,-0.554005263296285,-2.54839905891224,0.683073113918707,-0.899062229255893,-1.26489073568311,-1.29776894835424,0.706357976984653,0.542935922197981,-0.596330746651318,1.092747723621,-0.199094685458203,0.217248239172182,0.845611203951682,1.48567611850733
1370,1.74183120601145,-2.00224518922061,0.486468266319626,-0.965957894978137,-2.39743685965054,0.894248747102774,-0.539887243589861,-0.94866805176233,-1.07566663044879,0.237254863048424,-0.182473323590557,-1.08004267351952,-0.387704142208828,1.18804670686716,-0.911976944653544,0.119562609789505,-0.4845715166076
1371,1.67531996747204,-3.17247633021779,-0.244860622804042,-0.825258145569557,-1.91929636236068,0.967963846526111,-0.0257875829674758,-0.455548519905673,-0.715693509890492,-0.204815190084699,0.375836479431503,-1.81377134786407,-0.619209386448236,1.75732707915998,-0.355782050383791,-0.487542869970677,-1.4975757465058
1372,0.480025783065127,-4.10112383351944,-0.921628177498549,-0.926724311008437,-1.28121450154077,0.592540498643325,0.967110517250032,-0.120853421775663,-0.772899604125558,0.151067104487938,2.34927540783188,-2.83817231200458,-0.342692217690818,0.97936171864122,1.17847767003541,-0.93729652130322,0.111152331194012
1373,-0.923797489385415,-4.89738350336393,-0.890577011563254,-0.583768671825023,-0.530893087366435,-0.191362182621852,1.80562289245053,0.0115843953515532,-0.885802758934811,0.225169494689389,3.83907766864145,-2.59483256965371,0.448292985712784,-0.564293414853597,1.21322306030697,-1.30899375380945,1.88235231819562
1374,0.0275312913626223,-4.50698434484794,-0.291437371706985,0.0338220551462933,0.095403620351262,-0.8330209049588,1.61966173076958,0.459931804633288,-0.470269762680584,-0.395000723734776,4.10409409046605,-0.535347433171922,1.47862560636251,-1.45197183903526,0.0765652285623311,-1.39572310806091,1.00005662899666
1375,1.75137175252325,-3.21644455227838,0.19754456042645,0.200903007568982,0.518546736497448,-0.542490765838136,0.302093157307313,1.14904678216757,0.308665976088482,0.00445250413227606,3.18751795752572,1.60485527638235,1.73859901288658,-1.52562536429147,-0.911618744753837,-1.24580522428339,-0.197307900754101
1376,1.3912842684636,-1.8785543667205,1.24382098975097,0.549270175575804,0.907456788870534,0.511373326327465,-1.86411067717277,1.16845847167558,1.32410844498045,-0.806221283951416,1.61279330740219,2.15504049872201,0.448507839767763,-0.40969773423769,-0.477570016284107,-1.35979237558531,-0.454967485740228
1377,1.21601079968968,-0.0388345697595576,2.38768679772927,0.558740351016766,1.36146578218919,1.26765802123082,-3.16883818251493,0.398565818446681,1.74608913051297,-0.0556563016534508,0.699603088690977,0.722006820902044,-1.99040796532146,0.493708786483059,0.126265464646651,-1.70237332487855,-0.226418156639926
1378,1.27461701397645,1.5156957429018,2.44210026946351,-0.676441102925866,1.69818444225247,1.75143853711841,-2.54046941844784,-0.546658223886807,1.17594877645798,1.69226960627435,0.733645253372866,-1.08286185346139,-2.38230176160237,0.181064916254859,-0.57419443923002,-2.05920266808454,-0.587440568869669
1379,0.632674527253924,1.79641592990401,1.42717073146414,-1.28726741886792,1.60951519510247,2.16794898959781,-0.994104879429525,-1.03852538867843,0.0742170191394971,1.08354868419032,0.739776503463421,0.940270699559443,-0.623613894575297,0.564677026964307,-1.26516204576446,-2.48727398085422,-1.11622153655532
1380,-1.46951674986036,2.26702085613492,-0.0436194950043433,-1.3102664163674,1.32779391618286,2.05757774783828,0.481211998019157,-0.915793416305218,-1.06428028555308,-0.699679220786238,0.0172956159270889,2.50283827681374,1.18470525915183,0.101657209338004,-1.04236170814682,-2.84224483789767,-0.209615564144006
1381,-3.95905421535372,2.29166238717986,-1.29350285524744,-1.71342531371122,1.08142809656989,1.50531872428967,1.64065734579808,-0.378214853639899,-1.33014457962396,-2.11303124677444,-1.4418503944297,1.59357855661487,1.3273683516576,0.215590006218709,-0.303753514951377,-2.98658726318759,1.82678808873716
1382,-3.11403438145145,0.876223853921713,-2.20906866225386,-1.33529473717566,0.876590911698067,1.17944159077339,1.73663730021405,0.213841676354347,-0.777838259742973,-0.997996997648735,-3.07624034394191,-0.730315982835976,1.10864692368942,0.226714757429283,0.847500962706317,-2.79268520689684,2.38030875977227
1383,-1.63634002029526,-1.24753790505975,-2.38709534694955,-0.604738346015725,0.665580551391746,1.16131492698077,0.13539359780652,0.407019296135653,-0.376572490827947,0.610629138140717,-4.72929857731193,-2.51114743874768,0.653800889299786,-0.306506076456849,0.903021947160873,-2.23513935813749,0.951022169445313
1384,-3.2263402432475,-2.50473915562733,-1.73413368613877,0.18331553889291,0.353554593066442,0.854370086759002,-1.66015327403882,-0.0175331389104589,-0.565201698437575,1.13029997757922,-5.3501105267795,-0.983597043929233,-0.504907029199637,0.0859291127989162,0.311186162870293,-1.41368847429871,-1.05929478183697
1385,-2.92649449573379,-2.727962436858,-0.958889576620903,0.440363158004739,0,0.114751852176082,-2.16404803472269,-0.733887100109208,-0.756574603612434,1.17959555904371,-4.20365827104103,0.223902238541139,-2.1463920092359,1.15582328956757,-0.323723159360031,-0.420017872732044,-2.41648990388618
1386,-1.82251697079696,-3.02704298032508,-0.449946180671921,0.78399523829108,-0.498343616893651,-0.757090324405254,-1.9435940769235,-1.20602948362656,-0.475757157811046,-0.403905731999329,-2.32731272094034,-1.73898889045868,-1.3123285678091,0.237839508639857,-0.707444801920954,0.646753184560847,-1.36024395286483
1387,-0.589333187386033,-2.21725462676964,-0.304301426165893,1.86494812076661,-0.988269267285721,-1.52143131432756,-1.57167175356159,-1.00721621205261,0.317445808297221,-2.25614745102617,-0.920602625537112,-1.92475801083874,0.830948057629616,-1.22986042693449,0.491450262397746,1.47316003149971,1.68018141393226
1388,0.416785589044054,0.949665279781156,-0.274876749874828,2.09561453686433,-1.37212853975786,-1.72525557830684,-0.456842087718226,-0.37978031247119,0.869340573543425,-2.10985088667996,-0.314066422549043,-0.710136589567855,1.64492264491592,-1.04534300168324,1.65488353664547,1.66148662930287,2.48920726715964
1389,0.839295505995188,4.65386719656682,0.239537565786563,2.00497142907227,-1.71053079312145,-1.39897563003961,1.41176764981779,0.0713849227068683,0.72694266990794,-0.895907438615834,0.347101964081736,-0.0787886604806793,0.668518392065818,-0.274282659157255,1.0043925187779,1.5859081920266,0.544109778074053
1390,1.14513816845917,7.38666130617874,0.838825068337761,2.26607769480165,-2.02480154251385,-1.04530427870797,2.19554145726543,0.182219407962269,0.170109249044319,1.02121362633846,2.09560637423458,0.74530214989539,-1.36604208155374,-0.00498695743922282,-0.119549216527149,1.52705613021311,-0.0367311814385624
1391,2.28100837744973,8.41484126821094,0.730737438343948,2.14093609076037,-2.07867652812397,-0.774612766071457,0.952676031917942,0.289922975555088,-0.0460941190958799,2.72747681702854,3.89471647543335,1.78765683892886,-2.56707624888394,0.83358911657163,-0.43539197809363,1.11880866984376,0.610322246754324
1392,4.75391803330824,7.26297048367862,0.294986076385305,1.84871353429639,-1.8143523799743,-0.881358675072464,-0.900374455195174,0.598631457085668,0.321972909279852,1.57459628277848,5.23736873406958,1.99479237571046,-2.26198349081437,1.54940931515546,-0.105579420438583,0.441080715907398,0.294533305985666
1393,3.96886734890872,4.77369268086381,0.360193524849425,1.43134937379113,-1.50906079485026,-1.32606616011817,-1.15850804353658,0.942406216437165,0.814878176873591,-1.98899720308961,5.79522098111474,1.98588970220981,-0.609433526946711,1.89887994801177,0.407004636041865,-0.118943114401995,-0.69298131009097
1394,-0.00899537242541124,2.12110433896681,0.84473957613496,0.342955639183414,-1.32274313628191,-1.44650777065138,-0.324260402638737,1.27459658043711,1.3603252528415,-2.85723550888344,4.53309857441416,1.26417963709112,1.73430193178701,0.550483378868057,1.35829401968823,-0.522854107058769,-1.13906068567744
1395,-3.21543676151973,-0.72209349307196,1.0560353671899,-0.10146616543888,-1.27391893057274,-1.23301595264937,-0.270224813067633,1.34191131018262,1.75980761833913,-2.10730659860437,1.91258398347173,0.373615531243598,2.71231759004946,-1.16311191967104,1.32319042951696,-0.868532533289567,-0.415085536856843
1396,-4.01793301668369,-3.93684695988647,0.932717879618297,0.190079949922168,-1.2705517439721,-0.961921625261903,-0.445594436810104,0.994379449636025,1.40477315339824,-0.85933329752928,-1.15194292746135,-1.75560721432655,1.89157510003132,-1.02692962036919,-0.171756851909416,-1.07420500194302,0.525280770286589
1397,-1.53357470501102,-6.23479052164642,0.695841842340473,-0.295604761978604,-1.16336297051863,-0.346017871063641,0.302936731125422,0.742966761330695,0.159134458783395,1.47314279576448,-3.98988811863003,-2.30223136726595,0.119673708623063,-0.717354647026667,-1.59792975259209,-1.0314598202048,0.411958469166763
1398,1.08816747643157,-7.09289560274097,0.0579621764125511,-0.880726316009478,-0.93776146827623,0.207751707801016,1.50606045659755,0.50814793663705,-2.00619165969687,2.68295177570578,-5.11584186660306,-1.56568351297952,-1.70250353165018,-0.281571289260734,-1.16379147414743,-0.646133689173337,0.894314477975463
1399,1.3296795967017,-6.42419209359972,-0.78396800851874,-0.532359148002657,-0.676243308960417,0.0252010978561339,2.910892055022,-0.204762015132859,-3.04660177643244,0.559425340619543,-3.48181796187237,-1.41849264443558,-1.11337371289894,0.861592800653419,-0.481599765155809,0.0768174280512884,1.05167651633796
1400,1.08707712825879,-4.52244569766045,-1.02261839813572,0.0473508772048107,-0.525281109698714,-0.671190078765765,3.71322448646804,-0.856932164248678,-2.38976057931615,-0.784594835308932,-0.705917361172295,-0.724974378735591,0.457746564131841,1.03076574147629,-0.539090849058752,1.03517679252986,-0.60407693809846
1401,-0.134657999337974,-2.56175289412347,-0.756317684566834,0.462009273298367,-0.503394396794601,-1.14157700418435,2.9258889228995,-1.2169876954456,-1.04973868845736,-0.0900041906738661,1.55788659017334,1.59120451034803,2.3028057612603,0.423891382333939,-0.939200137031261,1.89565588578179,-1.86993672804043
1402,-0.0564255179412159,-0.907146559546741,-0.564244043852794,0.510713032709029,-0.411357963043971,-1.22536247238137,1.16919331189929,-1.54072458175657,0.4680748046284,-1.86273690733864,2.11244443418476,2.62984975208956,2.40378716710023,0.141552868851786,-0.721772797909226,2.51948774100476,0.172786257616277
1403,0.443226532233899,0.420838696865625,-0.450833356841501,0.519506767047065,-0.0892304449167687,-0.888206525838567,-0.19894282543741,-1.88293388227678,1.4980588706161,-0.978596801072389,0.913281729906599,1.26952124119151,0.856837971254533,0.24321007818979,0.281097371294921,2.94755905377444,2.13180397237814
1404,0.62994865682198,1.42292762602671,0.108235492688743,-0.117024310806175,0.331667880162329,0.234438185051268,-0.42441136093314,-2.36697375291195,1.5194597116249,1.40762737781813,-1.85474890799068,0.290969045579307,-1.05278486939499,0.296532161578403,1.53345377064486,3.11977877150232,0.994557178544015
1405,-0.429324593030991,1.96117597081237,0.727484459055489,-2.18084611583299,0.844602638992056,1.50290183578399,-0.644677857883865,-2.61619479885347,1.20064205454506,1.46900832764165,-3.91375080407269,-0.469022515592141,-2.57695953541296,0.357910099291914,1.58575095600206,2.97481685082489,-0.508968582568394
1406,-3.06933010636759,2.26460501975796,0.745671570531876,-3.94162230674902,1.54161026532304,1.94076147006359,-2.08006557460871,-2.00347421228619,1.10173175731849,1.55646823023993,-3.00449556676287,-0.143036287576977,-2.85412126633531,-0.43770141831948,0.205964942331417,2.48975196240426,-0.69945049657222
1407,-2.99300573427319,2.22595163772668,-0.052195531310282,-3.67442807109331,2.14545906236985,1.66886151317423,-2.55546628632534,-1.02662790156062,1.17978995304931,0.130076727864351,-0.368058027824082,0.289782022445888,-1.27107658925321,-0.71543658647312,-1.48867878318151,1.73272859886656,-1.3246550017084
1408,-1.60090370468001,1.83313664283373,-1.34850777776139,-2.39933659207805,2.43615950555782,1.33895623214848,-0.82014121205057,-0.61898242189245,1.43934374272015,-1.19358914345943,2.27460227240064,-0.419909433446935,1.39612164925074,0.0609943256028022,-1.26229644656681,0.935438035140689,-1.98114583112027
1409,-0.452494491702505,1.13737576627059,-2.12389974997419,-1.38467493768925,2.56747978298249,1.02878887391914,0.478212624443658,-0.906400663317473,1.42123533878963,-1.04061382291481,3.30611646674004,-2.43577146977558,1.80520376992994,-0.606874359142346,-0.209726041278338,0.196999533228304,-1.15655725931059
1410,1.55047510168906,-0.402478340400765,-1.8122051890618,-0.782642356085228,2.5753365517173,0.443499040792862,0.223219005314106,-1.19694982240508,0.748617880673264,-1.33511516766392,3.29879557110953,-1.66420643305329,0.581502499799497,-0.0138100359855401,0.02471579307977,-0.550731399496737,0.763640842958674
1411,2.51434288642404,-1.9056117341424,-0.888063345749444,0.17181604014317,2.3458066651075,-0.257197218479784,-0.246932802645397,-0.919863609266575,-0.162975635374718,0.507267435070023,2.77827989177999,1.51345449510909,0.106460184241881,1.57242604179803,-0.55977689326682,-1.26748756284626,2.22758676988755
1412,1.2770702973652,-2.66708336015873,0.0882740288731965,0.759643358585748,1.89909324275689,-0.258304959044889,-0.563694771345386,0.0632445367841553,-0.919001499474106,1.8690976275276,1.83498248978829,2.38176191720502,0.521987926570433,1.19341727641709,-0.495300911319594,-1.90742629814449,1.71641872810989
1413,0.110125165450489,-2.70042190216071,0.985356999013369,0.796171178143745,1.31713115861419,0.660112673114717,-0.858008303441247,1.44053521655395,-1.29886642738033,1.51575962103055,0.736390589234309,1.18613286606883,0.569255818665719,0.040279271624492,-0.364020648077048,-2.30947880463873,0.645230336495556
1414,-0.442408771104316,-2.15492604824419,1.59277694978572,1.35761729357221,0.797462026583197,1.44489651164759,-0.959424622462815,2.35069298106652,-0.913788474100167,0.587412509450992,-0.671966707685787,-1.18969393546909,0.541754499628462,-0.92335435047764,-0.621118626091612,-2.29027444762591,-0.0910696878273304
1415,-2.163523361833,-1.47027801901504,1.94409871293934,2.02255889774834,0.464671750887324,1.25678202295525,-1.44419837660288,2.7702359478525,-0.229373116453307,-2.91193770250855,-2.3181616014022,-2.03752520851354,0.0670344651533135,-1.36642633834705,-0.059998483200891,-1.96318088302043,-1.28808307443691
1416,-1.00175738373898,-0.164156081814117,1.59100259744656,2.58603433648559,0.467477739721184,0.477939701998848,-1.70514387767131,3.30374431755647,0.311546858531974,-3.06459498704372,-3.44667766284591,-0.705685252817534,0.140299697901006,-0.342949226974246,0.929886939638884,-1.6218389245022,-2.62864945033741
1417,2.08392794522027,1.89015038132988,0.808365353182186,2.97972305838844,0.745831832040161,-0.0295565323507505,-1.44719775017838,3.82347664954507,0.631736364394425,-1.02534809446129,-3.64727020312198,0.247939456992872,0.12010341673302,0.0767224221418895,0.805233374540914,-1.27368251672136,-1.80571669176316
1418,3.86855531701322,3.29568398544252,0.223864120123986,2.57791704325048,1.11678355587654,-0.020291793078965,-1.21662090656187,4.23926251513595,0.689491198142537,0.0378462851243465,-2.89541422186821,0.0341269150857933,-0.00719761084178206,0.166104043937191,-0.0104773470664243,-0.820211893063756,-0.249923723446581
1419,3.3691758538813,4.51084968305107,0.0896047931275663,2.29854686774209,1.39289285712843,0.233229740798426,-0.325150841668963,4.26931932469674,0.5904437160377,0.552746584421128,-0.942565312428654,-0.330882698440517,-0.116880605908342,0.955961379887943,-0.706012002322127,-0.299216272167518,1.29022796844143
1420,1.40273292427776,5.0017476348484,0.737982710395517,2.45480476251797,1.61232118393633,0.422049155304924,0.963173839432189,3.22985466071953,0.462175854863153,1.82139222611036,1.26651494407889,1.14295489959072,-0.36783014212331,1.2264079179381,-0.653087967140445,0.260188062754364,1.57989377731274
1421,1.59790524720487,4.89738350336393,1.2952772075866,1.74048295782825,1.67573653158158,0.582872944620592,1.43557517757332,1.42081043527969,0.387547281088871,1.16846429871302,2.63222802395124,3.25541094340132,0.0379217407037174,-0.0786404826954367,-0.19665174493904,0.537721996359019,0.713729327983855
1422,2.04085919239557,4.14750789195698,1.03001153288222,0.804288471378855,1.41534076779931,0.743898141311734,0.795021458355764,-0.041954296678598,0.295496227775373,-0.477690086191332,3.39982393081062,1.94968549664054,1.49925159564045,-0.357526487181205,0.682639458866257,0.341341958518225,-0.00879971853420034
1423,-0.130024019603671,2.05925892771676,0.424661659838895,-0.0730556391159936,0.959648181180342,0.488614292898948,0.239012581797595,-0.943658583502198,-0.0308665976088482,-0.485640986427539,2.77937802612457,-0.332069721573936,1.37205799509314,-0.557772008971537,0.334200506426456,0.170980726952868,-0.943001886775989
1424,-2.11827391266275,-0.607945224260819,-0.256098187618721,-1.72830701797559,0.498904814660424,-0.19506304314618,0.58469038637388,-1.72544872384891,-0.925449188752398,0.362243014761603,0.679379114511682,-1.19236473751928,-1.81852472133861,-0.487954604822417,-1.41130760484484,0.461524063695241,-1.96497246370241
1425,-3.05733627646704,-2.67674670566655,-0.801563669215407,-3.13868671757602,-0.098770806951895,-0.929696445186128,1.24530241637758,-2.23109192635589,-1.74389417246079,1.39713218950634,-1.91551234172394,0.50849103477832,-1.94356978133614,0.289243531474923,-1.21035746110932,1.11075522980613,-1.52916819762876
1426,-3.36154341667186,-3.79914428640001,-0.896787244750313,-3.42752706852537,-0.94056745711009,-1.51055531605198,0.910122419315546,-2.34223950337755,-1.80260930035673,2.287951051971,-3.66484035263522,0.778390419739441,1.37721449241263,-0.179530467812021,1.0566897041351,1.75626942359196,0.197917787281647
1427,-3.86310357614933,-4.12818120094134,-0.810879018995996,-3.36935313367374,-1.89123647402208,-1.73613157658241,-0.086560046780423,-2.65251344373942,-1.39544458167646,1.67763994983973,-3.57406124681685,-0.809846532775042,2.05443447370508,0.254718441511073,1.91063826503614,2.12486917916064,2.19251418210257
1428,-3.67774438677722,-3.193735690335,-0.940406739754656,-3.57702055227198,-2.75435863931761,-1.52143131432756,0.392917938390399,-3.24989253376006,-0.788675865125636,-0.181598561394974,-2.15490562884174,-2.79959406016847,0.794530295310748,0.836658013457305,1.10146469159845,2.1403565638484,2.78270307194697
1429,-2.71823799473336,-1.76307738790203,-1.08826943468463,-3.05548446191614,-3.41432721304164,-1.07632101453091,1.47887863356959,-3.84727162378069,-0.331027111245114,0.346659250298636,-0.421683588317596,-1.26358612552442,-0.501576791347469,-0.358677323513333,-0.0265067925783041,1.79901460533017,0.556531787665096
1430,-2.61683561466509,-0.519767196501948,-1.18659812681307,-2.27284210583091,-3.75329066417201,-0.511272622639728,1.04246977833445,-4.09524030265718,0.136224584113717,0.935343903787422,1.50590823119669,0.697524468775279,-1.77426478601302,-0.213671945665162,-1.26050544706827,1.2879309106341,-2.22482801732956
1431,-1.57964191531085,-0.0128039327978635,-1.29646010914604,-1.69313208062344,-3.78864612347865,0.113090241328425,0.0122552529686414,-3.64939762750551,1.29447651127596,-0.415991100358364,2.66919854688534,-0.218115500765722,-1.86450348910402,0.485269320047451,-1.00367611897849,0.900126798052597,-2.42336231118197
1432,1.94354561797522,-0.225729711471767,-1.19384339886464,-1.03157268196195,-3.60737924481125,0.504827586624573,-0.230904900101323,-2.6212042671136,2.64766815044786,-0.484686878399194,2.71348996544995,0.139920351851752,-0.868654944278355,0.0702010162598289,0.617447077119617,0.596574058172506,-0.864429195574764
1433,4.54893257682614,-0.873928809363605,-0.820785819556304,-0.641266165573721,-3.16852259119545,0.409058379586877,-0.0380897011482343,-1.48781207325894,3.54650347281752,-0.665649367775271,1.96236607375923,1.20186092258663,-0.135250627609009,-0.646770018656128,1.97475604708365,0.144342425289921,-0.0363855830851006
1434,4.16622036818137,-1.63068955444487,-0.169598511084684,-0.525594736973398,-2.61518159315813,-0.151407994512277,-0.32636933718401,-0.604580200644573,3.5130303625217,-0.704449760927963,1.38913994589,-0.022553439534959,-0.143415081698195,0.143087317294624,1.18564166802955,-0.354970857043453,0.048651379716799
1435,2.84580873094828,-1.66837660192538,0.91172137693824,0.0372042606609227,-2.13984708470213,-0.755479065401465,-1.21380899383484,0.0964322640075239,2.50115470046453,-0.324396729637256,1.32691233303063,-0.99724780996355,-0.228926995579665,0.260089011061005,-0.585119536171077,-0.706224741761845,0.610036983073589
1436,2.55359542064401,-1.46206417533339,1.91807487863167,0.162345864702208,-1.67349174051449,-0.811470315783126,-1.17837889347426,0.64684758908943,0.84752817789984,-0.333301737901808,1.00369479094344,0.0660281617964261,0.0326578163567425,0.217124454661547,-1.46324659030233,-0.958359364478573,1.9742991015679
1437,2.38241075751801,-0.839865516448534,1.90151425679951,0.180609774481206,-0.991636453886354,-0.322755319196441,-0.684232096910761,1.16344900341545,-1.63743870692983,0.153611392563524,-0.00356893661987549,0.791299296315372,0.366755871848417,0.149992335287394,-0.829949167620684,-1.11137472519364,1.73154532626891
1438,0.86682679735781,-0.0199004521551699,0.551823577478675,0.883432080421182,-0.0695885230797441,0.231417074419164,-0.786210798477735,2.03384411361323,-3.60905977730479,0.802086815828588,-1.3093421835174,-1.07514620309417,1.32521981110781,-0.554703112085861,-0.116414967404714,-1.07544399271804,-0.13756991458966
1439,-0.436684443197236,0.910407938655631,-1.03341237486561,0.513418797120733,1.12183433577749,0.384688087154572,-0.768776939570145,3.05452327161494,-4.36247912871721,1.29249834239785,-1.27493397405398,-1.10393151407957,1.10649838313963,-0.446140884755087,-0.13853381121161,-0.939155007465751,-1.42002454803475
1440,-0.85537814154365,1.5263254229604,-2.06061451654416,0.734615037777491,2.31886917230244,-0.0286753750830535,0.231514147858846,3.6068171472944,-3.34731102958176,0.594727337668303,-0.361560732952001,-0.982855154470846,-0.0469456110128173,-0.255869277843201,-0.618611226793664,-0.877205468714712,-0.813084140330936
1441,-1.53166659570866,1.92445525788265,-2.40365596878171,1.76821704304821,3.22464236787266,-0.363137497978897,1.38121153151739,3.7520917268382,-1.59463702491223,-0.565786060808508,0.610196650803327,-1.7211835434574,-0.204648487367087,-0.686282066059202,-0.289962818812664,-0.770032766675415,-0.0478446973588729
1442,-1.51694689537617,1.82105746094896,-1.95001322073654,2.51027293295789,3.82456278055207,-0.134086960221548,0.985106758703027,3.55797483175812,-0.631599179516164,-1.36532858856151,0.649271931231194,0.134875503534722,-0.408007850404303,-0.137333135633982,0.505688708411092,-0.709941714086907,-0.507038338450229
1443,0.660750992702934,1.33354168007936,-0.662572735981229,2.47577443670867,4.02827756989035,-0.0254528570754759,0.211315241436344,2.92803419804663,-0.198232149087936,-1.44006705078186,-0.0926093297259998,1.92950610337242,-1.10220130204006,1.01542125704791,1.44426199561787,-0.844372213176661,-0.840952115014708
1444,1.88902820933636,0.614467982478598,1.04006619613746,2.08885012583508,3.91828280760301,-0.454173631692963,0.873192632167212,2.27805569129462,0.280817445801387,-0.877461350067833,-0.51905150020343,1.20586712566192,-1.4567104927547,1.11017344839314,1.64771953865134,-0.789237123688237,0.166113374411104
1445,1.08462384487004,0.134531888241702,2.24041555357902,2.41286541413657,3.70951723836378,-0.695761778573544,1.51993255938423,1.76928157112506,1.07182545385747,-0.737207469901137,-0.787728369843287,0.805691951808076,-0.78077963579212,1.43125678505695,0.611089028899821,-0.203813982490918,0.933777959884154
1446,-0.593967167120336,-0.938794016084857,2.39596710864535,2.40813032641608,3.47100818748562,-0.328596133085175,1.1272020818423,1.11992924790556,1.66103450599082,-1.13920498584378,-1.2452843467504,1.13345871452337,1.10950633990933,1.13203933870358,-0.911976944653544,0.513561676246113,1.6366468060483
1447,-1.75082657843686,-1.72925567862465,1.59277694978572,1.77701077738625,3.02092757853438,0.121171712269303,0.448593810385603,0.345653309949047,1.21271432383208,-0.99322645750701,-1.25004292891023,0.103864524174153,1.63847702326657,-1.29469087364439,-1.09680809290226,0.806582994538528,0.659635550550555
1448,-3.29830322265079,-1.37654356758917,0.619544691756605,0.946341102993287,2.45075064749389,0.116589694477279,-0.451030801415696,-0.458366345801997,0.400031105010672,-0.311993325268773,-1.14169367357863,-0.294084981304532,0.29725058506285,-2.37801147428786,-0.725892096755855,0.817733911513715,-1.64316052736578
1449,-1.90647378010079,-0.709893519368335,-0.339197022169368,-0.64803057660298,1.97822212787176,-0.240782517378686,-0.8013951272037,-1.0926902642411,0.103574583087468,-0.0486595094455884,-1.46527726044734,0.984042177604265,-1.6251560718579,-2.14976226841574,-0.0103877970914975,0.805963499151017,-1.87409572004395
1450,1.04455354952048,-0.147305623084854,-1.49577902191165,-2.72538120368832,1.58426129559772,-0.423861821684187,-0.338460561910241,-1.19569745534004,0.63571472586401,-0.242661475209045,-1.79801196685419,1.70693926585637,-2.87474725561325,-0.794077069168556,0.620491776267125,0.613919929022796,0.538588260810659
1451,1.56628515019433,0.192421367424495,-2.32440156429924,-3.43835012617218,1.11678355587654,-0.0916907076843554,-0.331102723607844,-1.0372730216134,1.21545802139731,-0.564831952780163,-1.03590673171771,-0.274795855386475,-2.42441315637817,1.15083633212834,0.996870320884058,0.106553206651787,2.02152127413489
1452,1.87785214056539,0.909200020467153,-2.41548498437611,-3.17589097823694,0.427071500513591,0.386903568284781,-0.692480374243384,-1.31999488654455,1.09377503437932,0.0181280525385525,0.0899555050599385,-2.15622752185543,-0.854689430704748,2.4363205151157,1.02731731235914,-0.631885295260598,1.16367320395407
1453,2.16733958043772,2.11240732800978,-1.98904897219806,-3.29156240683727,-0.245243424079421,0.841882829479639,-0.812267856414884,-2.03916667363962,0.106318280652699,0.9391603359008,0.633806539211734,-1.58052130214726,0.287582152588815,2.01242913278176,0.639565920926513,-1.33191508314734,-0.439793945456527
1454,1.04673424586603,2.4356462352464,-1.31952668955512,-2.38445488781368,-0.824960717155031,1.56896345493933,-1.2805450558897,-2.35570244932665,-1.46623197885942,0.618580038376925,0.141384796864298,-1.72830568225791,0.552819483459858,0.633343594781298,-0.0479092365857861,-1.83246735625573,-0.75100739319921
1455,-0.899537242541124,2.26991985978727,-0.234066646074154,-1.32717744394055,-1.41028998789836,2.12323655224267,-2.08906369533521,-1.70384539197709,-2.48359503604705,-0.71430887722086,-1.33716158691335,-1.32353079376207,0.446789007327934,-0.51404022835066,-1.00904911747409,-2.11000128986039,-0.0297667916512874
1456,-2.73568356549779,2.1167558334883,1.07274385171699,-0.92131278218503,-1.83174951074423,2.28798778538007,-1.98708499376824,-0.84096448416951,-2.71241941298731,-0.499634570843264,-2.30425189970422,0.745895661462099,2.06173951157435,-1.43969625149256,-0.850366561903972,-2.21283752418711,0.499313349830161
1457,-1.93700352893855,2.00707686197452,2.04168809159313,-0.117700751909101,-1.95745781050119,2.62433810242098,-0.720599501513689,-0.984673604882021,-1.98643703722721,0.757243738496379,-2.23360525686977,1.44223310710396,2.40077921033053,-1.03421825047267,0.214113990049747,-2.17071183783641,0.0711868494015854
1458,1.79062428674322,1.76162788607586,2.5964689229704,0.873285463877294,-1.95016223953315,2.77700489302997,0.78846032865936,-1.86195673393748,-0.80760737832573,2.30862339258514,-0.576886575684489,0.315599775597749,0.676145711017557,-0.231318102757797,1.16128407484948,-1.88636345496914,-0.301257464434718
1459,2.82400176749274,1.56111346678856,2.73841711010318,1.11748070203353,-1.91592917576005,2.15908706507697,1.67664982870407,-2.56328229035584,0.587288463837684,2.14356270368148,2.62893362091751,0.568435703015974,-0.48503302911412,-0.474144568836877,0.154652806698416,-1.2699655443963,-0.0804321209176323
1460,1.35421243058918,1.06345117313575,2.51662306770821,1.06065964938776,-2.0781153303572,1.03281702142861,2.15954897435944,-2.64249450721916,1.78779333350448,1.24988151713178,5.41746276658022,1.61079039204944,-0.401991936864903,-0.00383612110709447,-1.58467635630294,-0.535244014808977,-0.421139064866586
1461,-0.209892023259595,0.0571949262244184,2.2279950872049,0.317250877272231,-2.28070772416194,-0.303118100087765,2.18054458938794,-1.94743078612597,2.23336981809799,0.128804583826558,5.94603143110332,1.64818162075214,-0.181551676456891,0.494859622815187,-1.40163620755276,0.125757563664609,-1.19251171709592
1462,-1.55102027577545,-1.63697072902496,2.06002306576444,-0.443745363519368,-2.21448638768282,-1.601994264517,1.11801650026734,-0.873212936094104,1.95296392693139,-0.309767073202635,4.65023290450238,0.476293032284332,-0.420147104510592,0.706613507926802,0.145070959381259,0.766935289737863,-0.561045453499508
1463,-1.33540392460878,-3.79672845002306,1.65783653555491,-0.499889975062215,-1.80032243580499,-2.6074198828812,-0.202504581558315,0.291488434386379,1.25277230828445,-0.127532439788764,3.41446572207164,-1.5455041197114,0.204326206284619,0.785253990622239,1.97368144738453,1.29474535989671,1.2755001777348
1464,-1.46515535716925,-5.14089981016103,0.967613475621772,-0.896960902479699,-1.17234213478698,-3.0879778807612,-0.696979434606633,1.21416986954928,0.82900821933453,0.16188032880918,2.66041347212872,-2.08203857601674,1.41889617907847,0.313411094449619,2.13415500245319,1.57909374276398,1.43661277149464
1465,-3.15764830836254,-4.54177238867609,0.518110883034641,-1.05457167946143,-0.522475120864853,-2.63239439743992,-0.808893561142447,1.27929295693098,0.400854214280241,0.440479873085882,1.60620450133473,-0.52139991135425,1.11724108588856,0.183366588919116,0.96642332940898,1.82936987931818,1.31258485744507
1466,-5.14426267916245,-3.11304675534469,0.5889371139061,-0.74611453652723,0.150401001494931,-1.44247962314191,-0.811705473869478,0.71103140117236,-0.427056526028197,0.195910181820147,-0.120062688340427,0.353881271650509,-1.18083788616222,0.117001693766381,-0.245725131198873,2.10256734521026,2.18617900134476
1467,-4.13241957482528,-2.19019725934774,0.71831697196983,0.188050626613391,0.700374812931618,-0.927682371431392,-0.476900398504377,0.305577563867998,-1.26868575416279,-0.743886226099551,-2.40784257287599,-1.06401786121836,-2.31698612888889,-0.58347402038907,-0.591388034415947,2.0214134494464,1.18643612227543
1468,-0.75152247808663,-1.23352605407341,0.257133226483231,1.34747067702833,1.26157257970375,-1.14802204019951,-0.471651494747253,0.553859334510746,-1.3745924801807,-1.57332413874069,-3.53745676866428,-1.17337236738458,-1.15806335633449,-0.754948633876193,-0.227904686188459,1.42236140972386,-2.1133525076618
1469,1.02247399902174,0.0461122768451356,-0.498740869998814,1.40835037629165,1.77450733853348,-1.10774056510479,-0.540449626135267,1.24391358734381,-0.812683218821406,-0.97478036895901,-3.72633587593153,-1.27011475275822,-0.097436313932781,-0.372103747388164,-0.689534806935613,0.726668089549687,-3.79288555857287
1470,0.849926400679765,1.17119747554796,-0.885253954545774,1.08636441129894,1.99337446757461,-0.885386822581936,0.246323554887874,1.6409139469592,-0.516501066654726,1.30553781878523,-3.26658363033527,-0.252390793743193,0.767566111410938,0.0130428117641212,-1.93248845891825,0.385945626418973,-3.18613251815303
1471,2.27991802927696,1.40601677138803,-1.37394016128935,0.686587719469754,1.78236410726828,-0.7990837621915,1.22393187965215,1.4596338142957,-1.47775550863339,2.22752421017582,-2.54840376898186,1.89804999033682,1.27580337846274,-0.102424433559422,-2.0084268376561,0.247178659616646,-1.03548027967987
1472,4.38101895821847,1.62682421624175,-2.48409327482362,0.010146616543888,1.08760127200439,-0.789516911856504,0.972546881855624,1.24234812851252,-2.50664209559499,1.48936263224634,-1.14681830051999,1.683198803188,0.605888435039565,0.249347871961141,-0.612521828498649,-0.0427451817382169,1.54728986382813
1473,4.22182812499301,1.74906553691569,-3.60370960083341,-0.380159899844337,0.256467379414863,-0.577233538107331,-0.340007113910108,0.98843070607712,-2.17465469020205,1.2934524504262,0.417840118111576,1.05956652446804,-0.622002489162957,0.991637306183922,0.966065129509272,-0.602149516660099,3.36630963275321
1474,2.5208849754607,1.35673370929814,-3.88938032743812,-0.766407769615007,-0.300802002989862,0.0999987619226413,-1.20762278583538,0.314344133323227,-0.680985735690321,-0.0448430773322089,0.590430232600939,0.795453877282338,-0.92645068506759,0.984348676080442,1.03806330935034,-1.17022678700713,3.05413367084726
1475,-0.744980389049967,1.13061142441511,-3.60548395317257,-1.31635438629374,-0.572421722107573,0.826575868943646,-1.30004098413045,-0.208519116327957,1.08664142070972,-2.15787432410665,-0.399629390230673,-0.352991004300444,-0.411015807174003,-0.245895362964756,0.411571684763127,-1.1206671560063,0.305235307982742
1476,-2.26683385120363,1.33354168007936,-3.39611037715172,-1.92447493782409,-0.717771943701554,1.28014527851019,-0.897750003316612,0.0316222683920776,2.09234376324512,-1.51226122492662,-0.869356356123516,-0.386672785711206,1.15634452389466,-1.7462023279494,-0.0534613350312417,-0.521615116283748,-1.62264320794888
1477,-0.0771421332239812,1.85439600295094,-2.89988317296672,-1.72763057687266,-0.965821356614836,1.66805588367234,-0.212018219618102,0.559494986303393,2.12362191548875,-0.385459643451328,-0.744626596818637,0.555675204331721,2.08967053872156,-1.15889218645324,0.111758368708525,0.090446326576517,-0.66031922046894
1478,1.3010579571663,2.08873213151561,-2.15524664129935,-1.01060300777124,-1.17458692585407,1.86583792638741,1.43669994266413,0.845347768897125,1.89973619416591,-0.06138094982352,-0.5364386273259,0.362190433584441,0.911840609329047,-0.61761549824221,0.71595204953899,0.656665110761013,0.695246969732474
1479,1.60744579371667,1.72297450404457,-1.80806503360376,-0.751526065350638,-1.20713639632685,1.52868197984461,2.80441429309178,1.20477711656153,1.54250677117284,0.450657025388227,-1.02565747783499,-1.02484609781554,-1.59894387715051,-0.466088714511979,0.134235412415128,1.14358848534418,0.4541389773004
1480,1.55538166846656,1.23642505772576,-1.53422332259344,-0.435628070284258,-1.05561299929838,0.890220599593302,2.26452704950192,1.96058064030881,0.74299330066454,0.0820532904376589,-1.62597091953712,-0.463087399925047,-2.15025938222552,0.959797500995038,-1.18420886843072,1.38395269569821,-1.17597123819019
1481,-0.279401719274137,0.816673487229763,-0.994672348793958,0.51544812042951,-0.865928154129397,0.360922016848687,1.20068673444203,2.67505605091001,-0.706913677681753,-0.252520591501942,-1.63292577038611,0.000296755783354724,-0.750485214040142,1.59505915632988,-0.871500355986674,1.43784879441162,-1.92720291042953
1482,-1.99506456913893,-0.0225880701245327,-0.45748717811335,1.3495000003371,-0.738536261072123,0.0908599022605268,0.307904443609842,2.57611905277242,-2.05063956025361,-0.495818138729884,-0.882167923476915,-1.34311667546348,0.851681473935048,0.605339910699508,0.215994539523208,1.32510063388472,-1.53463354482844
1483,-3.2023525834464,-1.36059904750126,0.218541063106507,2.00497142907227,-0.633031080918963,-0.559711096441128,-0.633055285278805,1.62432008334751,-2.42158747107283,-0.364787302837189,0.111552147169954,-0.31782544397291,1.79059369419139,-1.01542125704791,0.831381967219511,1.0853559189182,-1.30964154610629
1484,-3.11839577414256,-2.16603889557818,1.05987979725808,2.16934661708325,-0.543239438235422,-1.88758992293856,-1.03684595288039,0.568887739291139,-1.77462358519138,-0.89113689847411,0.918040312066433,0.758656160146352,0.837930814416419,-2.11178466945551,0.880813553379051,0.782422674425623,0.0235443040898831
1485,-0.62286139369893,-2.1056429861543,2.10733912814204,2.11523132884918,-0.463549355353779,-2.8950296150575,-0.777962521145112,-0.151223323102708,-0.487143502706755,-0.679960988200444,1.99531010409654,-0.192149369722184,-1.1077875074695,-1.48381164422414,1.01370571617028,0.286826364417311,2.53791874884461
1486,0.133840238208391,-2.08293412421092,3.5144005330957,2.12199573987844,-0.19754161390379,-2.84064962367962,-0.895313012286519,-0.817169509933887,0.966055912717816,1.55519608620214,3.06013437355478,1.04962520572566,-2.29421159906116,-0.314945542892456,0.897648948665271,-0.376653195606317,3.35421140345802
1487,0.783960336226749,-2.31243858002168,4.72450882840264,1.84059624106128,0.102137993552528,-2.15586454706939,-1.25954944086121,-1.52413071814489,2.06380930856672,0.606176634008441,3.46424781235914,2.02980955814631,-1.74590405075585,0.191422443244014,-0.0220292938319689,-1.05995660803028,1.07550786951418
1488,2.61465491831953,-2.11385682983595,5.23788810519952,1.43811378482039,0.32942308909524,-1.21529210360769,-1.01716256379117,-2.03916667363962,2.26903788644599,-0.463378465766159,3.56820453031243,1.29444872699331,-0.368259850233267,1.06490721932943,-1.3776368142724,-1.81078501769287,-0.834834392646431
1489,3.135841344907,-1.92300575605647,4.96345494340948,1.17971328350271,0.549412613669915,-0.378545162202627,-0.938991389979726,-2.27398549833327,1.59353954588613,0.540661216062093,3.14212840461653,-0.00682538301715865,1.66468921797395,1.33880626637597,-1.88126587326018,-2.54055058418011,-0.913838790908796
1490,2.51652358276959,-1.4775255281459,3.93255623435768,1.36708746901318,0.57971729307561,0.248133886583473,-1.16750616426307,-2.4872009911551,0.605671237524732,-0.315809757382152,2.26032652592114,-1.66895452558697,2.28389860442219,0.15958263805513,-0.949587934122759,-2.93454965063672,-0.671074985241289
1491,0.331465844524244,-1.14800544632919,2.15761244441823,1.96844360951427,0.278354092318977,1.54962834689386,-1.42320276157438,-3.06078510694011,-0.322110094158113,-1.22539274440426,1.02529143305346,-2.01200421114503,1.05106603695516,-0.751879736990517,0.676908260470948,-2.80941158235962,-1.71406319636644
1492,-1.16721771895791,-0.743836020464558,0.368030247680714,1.90621102804509,-0.0538749856101245,3.29985843975943,-0.848260339320875,-3.56924613534342,-0.754791200195033,-1.78736237309939,-0.570572303203171,-0.96579169692795,-0.338609990646225,-0.557388396860827,1.64091374055691,-2.3491265094394,-1.97905269381733
1493,-2.04031401830918,0.605287804246168,-0.450537631451641,0.984221804757136,-0.400695205475301,4.21183103590388,0.704290407696912,-3.58552690718884,-0.400305474767195,-2.43138529223218,-2.43163548367516,-0.090955647598223,-0.0801405625070062,-0.287325470921376,0.662669814457602,-1.90494831659445,-0.770873942306476
1494,-2.81200793759219,2.34094544926975,-0.351469625848556,-0.162345864702208,-0.72450631690282,3.78001362288848,1.32047421661353,-3.16222683920776,0.32622564050596,-0.26969453601215,-2.9023690727172,-0.299426585404917,0.0746617841050527,-0.493708786483059,-0.195218945340213,-1.70670979259112,-0.341715156471203
1495,-0.38407514386074,3.02269447484656,0.235249547633594,-1.4225556394531,-1.01913514445819,2.8156751091209,0.930555651798635,-2.0078574970138,0.279994336531818,0.875871170020591,-1.57765300837573,0.588021584717386,-0.723521030140331,0.102040821448713,-0.015671245612173,-1.50909076397531,0.268638826369121
1496,1.105613047196,2.67916254204351,0.465028175554779,-2.17205238149496,-1.15494500401704,2.12323655224267,0.753405149995712,-0.0219164236380736,-0.77578048656905,0.149476924440696,0.271147671915155,2.14791835992149,-0.152761233089763,-0.326837518324449,-0.13853381121161,-1.11633068829372,1.33188208283509
1497,1.27652512327881,2.42694922428936,-0.0864996765340368,-2.77949649192239,-1.00005442038794,1.66040240340434,0.344224983000653,2.12526690936062,-2.32939923288107,0.568330348884095,1.3265462882491,1.12559468626447,0.874993138900222,-0.763004488201091,-0.431989079046415,-0.615778415185328,1.8203433763551
1498,1.00039444852301,2.04476390945503,-0.672183811151677,-2.38107268229905,-0.789605257848387,0.914792299401081,0.00916214896890779,3.50412304796171,-2.88911353618819,0.56165159268568,0.423513812225224,-1.752639656493,0.259328844359133,-0.61071048024944,-0.78983077885352,-0.223637834891251,1.08406577993622
1499,0.0940425299020266,1.82588913370287,-0.614813085518846,-1.54093283246512,-0.592063643944597,-0.00171196269152558,0.154655199986679,3.76712013161859,-2.16258242091503,0.681233132238238,-1.25370337672549,-1.8784641086354,-0.0201962811679855,-0.422740546001811,-0.752577989284012,0.133811003702244,-0.315982366395215
1500,-1.29451586812964,1.42437712785289,-0.19310867957855,-2.1889634090681,-0.454570191085425,-0.546518913347608,0.455529861778945,3.09459901769599,-0.868654649152118,0.962376964590526,-2.48690824568554,-0.0273015320686346,0.242355374015826,-0.15306123217307,-0.498256060492176,0.670294009286242,-1.07436400628805
1501,-2.14825848741412,0.516143441936515,-0.191038601849531,-2.83902330897986,-0.430999884880996,-0.829798386951223,0.689855922364822,2.09270536566977,0.684278172768598,0.401043407914294,-3.22705079393049,1.76450988782719,-0.0922798166132954,0.110480287884321,0.0878485254030957,1.20553802409522,-0.876477273027347
1502,-1.06663310001922,-0.362737831999849,-0.872242037391936,-3.09404160478291,-0.358044175200619,-1.27732557525356,0.451030801415696,1.14591586450499,2.28550007183738,-0.275737220191668,-2.42577876717075,1.92950610337242,0.271897806575379,0.593447935267515,0.299276016205042,1.54687998261344,-0.109293021842027
1503,-0.46367056047347,-0.429898083279208,-1.78913860865273,-3.17047944941354,-0.175654900999677,-1.79212282696407,0.490772501291061,0.10050245696888,3.44004800728656,-0.80908360803645,-0.747005887898554,0.376731466968822,0.497924272412834,0.163035147051515,0.0112832968407646,1.6577696569778,0.0664206991307648
1504,-0.466123843862219,-1.24415573413202,-2.45925234207538,-3.1799496248545,0.0566809744439851,-1.98225138941115,0.881440909499835,-0.765196276735027,3.7006992759835,-0.790955555497898,0.603607844735864,-1.00244103617226,0.154157784447123,-0.68743290239133,0.371274196046111,1.60759053058946,0.277633860251308
1505,-0.00463397973430276,-2.4844461300609,-2.40720467346003,-2.27081278252213,0.335596264529734,-1.58709011873195,0.132628550291606,-0.998449642597382,2.96868076557988,-0.683141348294927,1.23320486896005,-2.07016834468256,-1.23755935667656,-0.970155027984193,1.25226684937502,1.47501851766224,0.716059583198634
1506,1.0720848408831,-2.28924655080291,-1.4644321305865,-0.278693734405457,0.592063643944597,-0.998980582349045,-1.08089925227053,-0.961817905945173,1.78120845934793,0.331711557854567,1.42867278229477,-2.69216846659406,-1.89329393247115,-0.329139190988706,1.45572439240848,1.30651577225941,-0.0338965110273086
1507,1.77644976049712,-1.38524057854621,-1.00428342396441,0.88207919821533,0.860877374228447,-0.749537547824994,-1.62416079113283,-1.14466349743996,0.851506539369424,1.75683091619236,0.750025757346141,-0.727793558677461,-1.04505012341576,1.08332060064348,0.690609406634734,1.15473940231937,-0.523021530080938
1508,1.48805266879757,-0.991459249102484,-1.75779171732757,1.37791052665999,0.989391662819265,-0.7002934445217,-1.3632152900644,-1.23201610022599,-0.130051264591947,2.15151360391768,-0.0318458959927351,1.8594717385007,0.130201557317013,0.675540926959337,-1.03340671065415,1.16465132851953,-0.00847095113911658
1509,1.23154826115176,-0.66906588459779,-2.7123932757955,2.0685568927473,0.879396900531928,-0.684180854483812,-1.15213437468864,-0.87227366079533,-2.15928998383675,1.5726880667218,-0.536347116130519,1.10971825185499,0.856300836117087,-0.0982047003416186,-1.86049027907718,1.30837425842194,0.320030583008783
1510,1.16340150035319,-0.232101479915987,-2.73131970074654,2.82414160471549,0.799145619883513,-1.18266410878097,-0.94855189325163,-0.216033318718154,-4.37619761654336,0.84088720898128,-1.01028359701091,1.41137050563507,0.548414975332797,-0.671704805852243,-0.816695771331532,1.30961324919696,0.184436971989536
1511,0.284308286051634,0.621111532515226,-1.62057513643255,3.16980300831061,0.841235452391423,-2.0970535934311,-0.211268376224227,0.340643841688915,-5.02206402339873,-1.01071843802667,-1.24345412284277,1.97936107497601,0.145885903330448,-1.17730556776729,0.180443199477307,1.08287793736816,0.512803794276052
1512,0.208801675086818,0.938431640628313,0.104686788010424,3.16371503838428,0.927659908474331,-2.36009162579962,0.590876594373347,0.566696096927332,-3.76106062241858,-0.823077192452175,-0.684778275039186,0.887448170122302,0.846954684725519,-1.1408624172499,0.283515220617942,0.680205935486408,0.925123356709567
1513,0.561801896023411,0.900503009510114,1.46502358136622,2.75717393552583,0.892304449167687,-1.68014032620075,1.02784783215389,0.484352962401427,-1.69725131385186,0.267150247936564,1.01064964179243,-0.639657091021108,0.59160064038349,0.25011509618256,-0.53318055071359,0.309128198367685,1.4655997340906
1514,-1.70748523856897,0.723301411260438,1.65251347853743,2.13349523862818,0.740781052139212,-0.800795724883025,1.43070119551313,0.1318116335947,0.0537764722785266,-2.18840578101369,2.39539705030412,-1.66064536365304,-1.27365483791296,1.69019495978583,-0.142294910158531,0.154873846877597,1.11238792970662
1515,-2.72478008377002,-0.0988681037268985,1.05928834647836,1.33326541386688,0.547729020369599,-0.408252750084983,2.01407935594773,-0.0350662778209178,1.59024710880786,-2.42725082410935,2.17833249485939,-1.93959580000648,-1.11423312911886,1.52754342484502,1.62801854416746,0.0489401356133208,-0.71222637756468
1516,-2.18587549937493,-0.567117589490273,0.644977075284561,0.472155889842255,0.468600135254729,-0.202766875258045,1.68714763621831,0.335321281662526,2.48743621263838,-0.925166751485076,0.703172025310852,-0.758359404362998,0.293383212073236,0.940233283348856,1.91636946343144,-0.135049994477265,-1.35388349557835
1517,-2.43583781798409,-0.645511479922475,0.332543200897519,-0.35513157903608,0.430438687114224,0.710766628046327,0.408852110510238,0.94334549173594,3.08226984478045,0.0966829468722802,-0.689811390785164,0.89264139633101,1.05235516128503,-0.243977302411209,0.91914094264768,-0.453470623657605,-0.568148960486021
1518,-2.92976554025212,-0.759176581458225,-0.172260039593424,-0.98354536365421,0.338402253363594,2.082552262397,-0.282269172581747,1.29306899464634,2.78869420530073,0.526031559627472,-1.22332165985886,1.82326753293142,1.25646651351467,-1.10211759406824,-0.241784932302098,-0.98561716152903,-0.701168498092482
1519,-1.55211062394823,-0.38592986121862,-0.380302851359902,-1.44893684246721,0.173410109932588,2.76290637674682,-0.472401338141128,1.28837261815247,1.18253365061454,0.571510708978578,-0.17625056230462,0.15639029782794,0.757145689744477,-0.663265339416635,-0.267754425030842,-1.67883250015316,-0.162199604857191
1520,1.08544160599962,0.684406445591456,0.39020965192021,-1.13709749401838,-0.0252538995047458,2.69966446084811,-0.913684175436452,1.0964473654362,-0.297691185827558,0.0333937809920705,1.80789517595539,-2.43992605074254,-0.702465332752431,-0.804050984047002,0.564791691862716,-2.31753224467637,0.950626170496107
1521,2.34860996416192,1.07601352229592,2.1120707343798,-1.07351203034335,-0.0404062392075934,2.42131946794359,-1.36302782921593,0.546032040354291,-0.559988673063636,-0.97287215290232,2.31193884011626,-0.899911913023201,-0.926020976957632,-0.525548591671943,1.24940125017736,-2.71029232035796,0.52851777081566
1522,2.31480917080582,0.229625247629608,4.06563265979466,-1.04374862181461,0.125708299756957,1.97419509439221,-1.22768109662153,-0.0829693180584215,0.271900428714387,-1.83474973850719,1.51103285813805,1.76807095722745,0.592460056603404,0.795995129722104,0.546433947002742,-2.7369306220209,-0.957508608160419
1523,3.00281886782819,-0.654812449973753,5.09830572118562,-0.660206516455646,0.41640874294492,1.59474359899995,-0.196505834407316,-0.173765930273298,1.17594877645798,-0.749292838260172,0.199494405931502,1.24043917442275,0.945357841905704,1.73469396462812,-0.719802698460839,-2.4507237529911,-0.669274333484414
1524,2.81091758941941,-1.11804907525495,4.69493628941664,-0.3321325815366,0.557830580171497,1.43200643961728,0.551322355346451,-0.080464583928356,1.12080045539684,0.143752276270627,-1.63402390473068,1.81614539413091,0.598261116087825,1.61922671930458,-0.4443469755863,-2.1645168839613,0.739521818813279
1525,0.225974658808058,-0.597436336021063,2.82062876848425,0.499213533959289,0.517424340963904,1.18427536778476,0.311653660579216,-0.460871079932062,0.31648551414939,0.665331331765823,-2.7526567570732,1.76925798036087,-0.246007892950462,0.768758669861733,0.0616999327244984,-2.04185679723425,1.18987653867811
1526,-2.64082327446618,0.803386387156508,0.121986723317231,0.856374436304147,0.307536376191127,0.531916878625772,0.405102893540864,-0.940527665839616,-0.452024173871798,2.00521703957147,-3.13041497160771,-0.92187184099145,-1.58949029873145,0.123523099648442,-0.235247784132449,-1.92291368283225,0.998134810388056
1527,-2.68988894224115,1.31663082544068,-2.10083316956512,0.611502757044983,-0.109994762287337,-0.394254937489568,0.909747497618609,-1.17127629757191,-0.958922299048216,1.28995405432227,-3.0747761648158,-2.95628111377976,-0.93547455537669,-0.333742536317219,-0.626402074612288,-1.53944603796332,-0.0903878233752786
1528,-0.52990921196968,0.467585130759712,-3.41858550678108,0.66764736858783,-0.51125116552941,-1.16614870399213,0.657612656428205,-1.34942551257282,-1.74663787002602,-0.860923477576522,-1.79581569816504,-1.2125441307874,1.16665751853363,-0.600736565370995,0.075401078888284,-0.823928865388819,-0.587688519579506
1529,1.4962302800934,0.279633060632584,-4.08988214176317,0.0311162907345899,-0.675682111193645,-1.81226356451143,0.0343170515728017,-1.21604842014683,-2.56041856787352,-1.93874751359678,-0.136260169922938,-0.0402104086445651,1.70293323976014,-1.38292165910756,0.62362602538956,0.19018508396569,-0.50886105701785
1530,2.14280674655023,0.318407234482718,-3.6539829171096,-1.10936340879842,-0.580839688609155,-2.57116655529595,0.0453772416324551,-0.848478686559707,-2.79692529799643,-1.35006286010799,1.05164665732331,0.452552569615954,0.81537113864367,-0.733849967787173,0.475510366860793,1.3895281541858,-0.918188359914206
1531,1.36620626048973,-0.175419918921672,-2.21675752239022,-1.77904010069503,-0.428193896047135,-3.07629625298373,0.465277825899317,-1.03977775574346,-2.3689084778204,0.524759415589679,1.44075226008512,0.220637924924237,0.315513179736029,0.565060639075016,0.214830389849161,2.6830345233075,-1.5243327575722
1532,1.20183627344358,-0.497903877290502,-0.692145274967224,-0.915224812258697,-0.491609243692386,-2.79634000107543,0.849572565260156,-1.73296292623911,-1.54140929214675,1.28709173023723,1.62011420303271,-0.898131378323073,0.087982735513724,0.558922845303665,-0.33787205539845,4.03353446808015,-0.675999093755577
1533,1.40136998906179,-0.508654349167953,0.420669367075786,0.289516792052271,-0.784554477947438,-1.94881776508253,1.11782903941887,-2.19853038266504,-0.67467523129029,1.11439817710681,1.96126793941465,-1.15081892784962,-1.20447183220986,0.622218843570724,-0.509181157433233,5.14676767943632,0.733095562309298
1534,0.253778537213875,-0.537161218416026,0.986392037877879,0.455244862269108,-1.07188773453477,-1.36433356145815,0.85032240865403,-1.80309548188094,0.657252751751073,0.421397712518985,2.16552092750599,0.281769616295311,-1.13528882650676,1.3035139521907,-0.0528344852067548,5.53828876434289,0.991780772537426
1535,0.40697245548906,-0.586927447781307,1.03474313911998,1.09515814563698,-1.28626528144172,-1.19313729230559,0.0235497690888806,-0.134942551257282,2.94618244554499,-1.06923706376515,1.51396121639026,1.65886482895291,0.709233235484256,1.26591996534118,0.418646132782337,5.14428969788628,0.103481105349216
1536,2.0921055565161,-0.0660731249097294,0.206120596732388,2.34386842163813,-1.42319753653412,-0.736043253668263,-0.971234655916343,2.1359120294134,4.63575140621421,-1.17673323495867,0.298326496943438,2.05651757864824,1.78071040766238,0.660580054641669,0.117579117078761,4.16115051790729,0.147091783548039
1537,1.48941560401355,1.00063942733491,-1.3307642543698,3.08457142934195,-1.5545178139588,0.185949359405999,-1.72014074554881,3.6719402346761,4.64014132231858,-0.285278300475116,-0.551446463368453,0.777796908172732,0.756286273524563,0.0721190768133761,-0.636610771753932,2.53621411646754,0.972093566419313
1538,-1.24599537444105,1.61136286342923,-2.17713032014899,2.80587769493649,-1.70604121098728,0.875719268559203,-1.61966173076958,4.12905421341307,3.33743371834692,0.401361443923742,-0.401002058161394,-1.72237056659082,-0.54648128883799,-0.395120474030731,-0.436914327667384,0.623212359835452,0.754769985038775
1539,-2.73350286915224,1.69156863114415,-2.00679249558965,1.84668421098762,-1.87496173878569,0.898679709363194,-1.26254881443671,3.87231896508135,1.74554039099993,0.462106321728366,0.085288434095486,-2.28739357809821,-0.192724087315776,-1.01849015393358,1.10289749119727,-0.947827942890897,-0.371580057163067
1540,-1.99833561365727,0.800970550779553,-1.51352254530325,1.14453834615057,-1.94960104176638,0.69304277900465,-1.33359647600634,2.79027382089303,0.120311138235377,0.224215386661045,0.196108491702389,-0.283846906778794,1.07598910733267,-1.4009514283109,1.56891556071584,-2.06106115424707,-0.88687515425087
1541,-0.0725081534896784,-0.59707396056452,-1.10246425339791,-0.249606766979645,-1.83904508171227,0.626376937722889,-1.191876074564,1.15750025985654,-2.01113031531428,-0.17491980519656,-0.229510078016608,0.898428134106427,0.793670879090834,-1.54403874560553,0.486704113726631,-2.78215378530916,-1.11950588042381
1542,1.33213288009045,-1.15911829366319,-1.23494922805517,-1.81083283253254,-1.64038107227494,0.671391486141238,-0.884065361378397,-0.459931804633288,-3.54650347281752,1.07209938785019,-0.417931629306958,0.132649835159562,-1.59722504471068,-0.593831547378225,-1.10146469159845,-3.01198657407552,-0.79118945070874
1543,0.933883209983603,-0.843610062832815,-1.66375104335211,-2.11861353436381,-1.17234213478698,0.934530222197494,-0.69885404309132,-1.76458519463118,-4.12213122200297,1.35069893212689,0.194186756599379,-0.0123153650092211,-2.71016904949967,0.725026889240856,-2.00126283966196,-2.62232397533148,0.573646003650224
1544,-0.468849714294161,-0.614951149753989,-1.27635078263556,-1.94341528870601,-0.41640874294492,1.33049712237859,-0.0965423369613813,-2.31437433618057,-3.69905305744436,-0.0270330608031047,-0.0429187506338873,0.327173251148583,-1.78028069955242,1.17615473143517,-2.04926162622267,-1.92539166438229,-0.0025494520677847
1545,-2.34424857147081,-0.268399421479742,0.157769495490286,-1.26765062688307,0.358605372967391,1.10733775035384,0.45196810565804,-2.11994434933423,-2.69540848808288,-0.165696760922559,-1.24601643631345,0.901692447723329,-0.259865979496579,1.3806199864433,-1.15770207585242,-1.24890270122095,-1.15800042873338
1546,-3.86201322797656,0.231044551501069,1.67676296050594,-0.621649373588871,0.991075256119582,0.245918405453263,0.29665679270172,-1.78587543473674,-1.52933702285973,-0.716853165296446,-2.0674209260571,0.764739653705124,0.972429452833003,1.28279889821239,0.0226561436564559,-0.595954562784995,-0.620056920011243
1547,-3.23724372497527,0.219176755299276,3.23937592052594,-1.3440884715137,1.42039154770026,-0.380861347020574,0.189382322165506,-2.0116145982089,-0.451749804115275,-0.706357976984653,-2.84343586289157,-0.493356489827229,1.5349173687669,0.269295701718032,1.19531306532163,0.0334527509255611,-0.284954143562295
1548,-1.09252886912267,-0.497299918196263,5.18820623970305,-1.79730401047403,1.74195786806069,-0.264145772933624,0.382232670027683,-2.35977264228801,0.95480675270037,1.34306606790013,-2.80792951908357,-0.729128959702557,1.17138430774316,-0.790624560172171,1.01012371717321,0.419398377344534,0.316871779232702
1549,0.123481930567009,-1.44322065159314,6.59585909543643,-1.41173258180628,1.98383410553948,0.279654140845091,0.313575134276021,-2.01098841467638,2.66742277291753,1.23779614877275,-1.08056419506384,-0.20134879900618,0.272327514685336,-1.10365204251108,0.114803067856033,0.537721996359019,1.59448555622222
1550,0.80249625516396,-1.71331115853675,6.08957722799619,-0.963252130566434,2.1505098422708,0.91076415189161,0.132675415503724,-1.32500435480468,3.78520516099261,-0.180326417357181,1.15304106180593,-0.352842626408767,-0.00268567568723211,-0.862360024874838,-0.255486078465884,0.562501811859434,1.98664568278766
1551,0.737347951840527,-0.66363025274964,3.63446504137884,-0.539123559031916,2.18305931274359,1.25355950494767,0.162903477319302,-0.716353961198749,3.99482365497626,-0.229303962812217,2.45323212578518,-0.865488242154053,-0.034376648796571,-0.789473723840043,-0.619148526643225,0.488781860745698,1.10230460083992
1552,1.81134090202599,0.746855815935753,0.842817361100871,0.234725062715276,1.98158931447239,1.2426835066721,0.146547518290407,-0.114278494684241,2.99776395977133,-1.21871398820585,2.72556944324029,-0.938341786967638,-0.61405288912875,-0.18758632213692,-1.54993096603138,0.454709614432626,-1.07959504407908
1553,1.06881379636477,1.5263254229604,-1.08930447354914,0.827287468878335,1.47146054447652,1.09767019633111,0.00688918618122478,0.502512284844402,1.10351516073589,-1.20503843979957,1.94406383468294,-0.0600930461293316,0.0871233192938097,1.00659817850159,-2.06000762321388,0.448514660557522,-2.5868003455797
1554,-0.502377920607058,1.60991336160306,-1.90979456771559,1.06945338372579,0.770524533778135,0.818821684987912,-0.0955933164160085,1.18317378468972,-0.780581957308204,-0.231848250887804,0.658057005987811,1.00644723924755,2.27315590167326,1.21643400305966,-1.26659484536329,0.183990130090586,-1.8188657024646
1555,1.74237638009784,1.0716650168174,-1.5537411983242,0.969340100492767,0.248610610680054,0.468272147976115,-0.126301746655788,1.83659630087057,-2.38427318418569,0.22135306257601,-0.601045531265184,0.698117980341988,0.97586711771266,0.672855642184371,-0.350140401963409,-0.200716505553366,-0.694919979718692
1556,2.39004319472745,0.465652461658147,-1.12420006955262,0.83472832101052,0.13973824392626,0.143804866088149,0.668860307336327,2.16596883897419,-2.88252866203163,0.280507760333392,-0.626943199558127,0.66087512953097,-1.94485890566601,0.168022104490738,0.369214546622797,-0.407627964981837,-0.786161427576575
1557,0.475936977417213,-0.015642540540786,-1.49814482503053,1.03901353409413,0.340085846663911,0.0517616954967146,1.60766423646759,2.04041904070465,-2.73821017010048,0.0677416700124858,0.68697454372834,0.825277833509488,-1.92122495961836,0.552401439421604,0.568910990709344,-0.623831855222963,-0.161526727615334
1558,-0.686646761806391,-0.470242550774363,-2.02571892054069,1.14115614063594,0.572421722107573,0.193653191517864,1.73963667378955,1.56013627126458,-1.96942611232277,0.305314569070359,2.08316085166271,1.52295068017644,-0.308745277004204,0.242059241857661,0.266769375306648,-0.818353406901225,1.1541463599329
1559,-1.37656456813111,-0.500440505486305,-2.68991814616615,0.248930325876719,0.675120913426872,0.187711673941393,1.71114262482231,1.16344900341545,-0.947261584395984,-0.278599544276702,2.2925384666954,1.34074262919664,1.59593592038081,-0.53475528232897,0.241695382327171,-0.879683450264754,1.37535490364896
1560,-1.50822410999395,-0.549361192119651,-3.46235286448035,-0.0879373433803626,0.665019353624974,-0.00244206442761737,1.57017206677384,1.33690184192249,0.475619972932785,-0.0728302461636585,1.41110263278154,-0.606272065393701,1.48807918478157,-0.663648951527344,0.442287326162986,-0.92118964122795,1.00236923076285
1561,-1.87158263857193,-1.16636580279405,-3.68118965297672,0.277340852199605,0.791850048915476,0.139701190812874,0.922307374466012,1.38198705626367,1.92991686738345,0.107496171193522,0.115578639766737,-1.98588970220981,-1.47862560636251,-0.095135803455943,0.812039172635343,-0.630646304485577,1.60576249894292
1562,-1.09879837111614,-1.46592951353652,-3.23168706038959,1.04171929850583,1.05392940599806,0.504626179249099,0.068458358600164,0.51847996492357,2.27562276060255,-1.07750600001081,-1.20026083862274,-1.07944916195281,-3.19230154887158,0.448826169530054,0.724638397106881,-0.0272577970504572,0.621165476340175
1563,0.119393124919095,-1.40166826590951,-2.12685700387279,1.66201578988885,1.28345929260786,0.48700303389516,-0.789960015447109,-0.834702648844346,2.13679166380186,-0.581687861280923,-1.61828397912508,0.580009178566808,-1.35959645990438,0.356375650849077,0.18850269722071,0.451612137495074,-1.47174834999393
1564,0.749341781741075,-1.1963221738683,-1.07481392944601,1.31973659180837,1.39064806606134,0.0174972657442688,-1.24436511213524,-1.74611278042195,2.22239502783707,1.11726050119184,-1.60254405351947,0.347649400200059,1.41803676285856,0.443071987869412,-0.148473858428474,0.713039191024459,-1.94966210919208
1565,1.3392201432135,-0.410450600444717,-0.821672995725884,0.837434085422223,1.31993714744805,-0.415704822977506,-0.88800203919624,-1.72450944855013,2.38921183980311,1.97818397876837,-1.5245765150545,-0.90614378447365,1.65695447199472,1.08677310963986,-0.184652048298862,0.869771524064587,-1.18564613045073
1566,0.400430366452397,0.765457756038309,-0.91423504275205,0.700116541528272,1.01632915562433,-0.77420995132051,-0.727348092058562,-1.28649406755492,2.11045216717564,1.15065428218391,-0.918406356847958,-1.10778933926319,0.3468818717629,0.843563031450075,0.0471928367863725,0.971368767616291,-0.461406179901174
1567,-0.0447042750838619,1.57947382325342,-0.121690997927371,0.224578446171388,0.443346235749983,-1.15406426146372,-0.926618973980792,-0.892311533835854,1.33014457962396,0.641160595047753,-0.150352894011678,0.0572738661874618,-0.529507818494683,0.341031166420699,0.346289753041561,1.14978343921928,0.668477922223853
1568,0.059423975416353,2.18729825569539,1.72407902288354,0.186021303304613,-0.189123647402208,-1.350235045175,-1.08221147820981,-0.566069913394815,0.48494854465457,0.259835419719253,0.424062879397513,1.29800979639356,-0.584725310624176,0.0563909802742888,0.215815439573354,1.41740544662377,2.18367261285876
1569,-0.102765315284244,2.93572436527617,3.39906763105032,0.349043609109747,-0.572982919874345,-1.38487711375646,-1.09327166826947,-0.224486796407125,-0.636263465377057,-1.27691457793489,0.468537320352884,0.232804912041781,-0.0473753191227745,-0.0172625449819251,-0.102803371215855,1.49608136083759,1.56551905557804
1570,-0.945331865797763,2.89658781596949,4.07509587227018,-0.261106265729384,-0.659407375957253,-1.33049712237859,-0.488148049412499,0.367256641820862,-2.31019334992446,-1.80835274972298,-0.14861418129943,-1.32412430532878,-0.616631137788493,-0.567362311739273,0.0671624811950273,1.18881164863244,0.149663570036802
1571,-1.70993852195772,1.47317702266738,4.20166633913024,-0.262459147935236,-0.706547988366112,-1.25517076395146,0.189335456953389,1.14748132333628,-4.01896819355029,-0.364469266827741,-1.12924815100676,-0.430592641647705,-1.51042400649934,-0.163802371272934,0.48321166470449,0.696312815561678,-1.00240132794211
1572,-0.752612826259407,0.403927842226938,4.21467825628407,-0.200226566466056,-0.907456788870534,-1.27974246375924,0.427598195357108,1.49626555094791,-5.00669931703343,0.328849233769532,-1.41805748363053,1.75798126059339,-0.426592726159949,0.290777979917761,1.19602946512105,0.320279115342872,-0.985200850787705
1573,-0.718266858816927,-0.393902121262573,3.91362980940664,-0.944988220787435,-1.33003870724995,-1.43845147563244,0.159716642895334,1.38010850566612,-4.5655127485443,0.279235616295599,-1.34777688557759,1.36032851089806,1.49409509832097,0.558922845303665,1.71004632120032,0.236027742641459,0.823812622500908
1574,-0.767605113635092,-1.09340754421,2.80170234353321,-1.21218245644315,-1.82950471967714,-1.43764584613054,0.0661268142973345,1.33220546542862,-2.75961101110929,-0.499316534833816,-1.16219218134407,0.301207120105045,1.29514024341081,0.401641879912791,1.40593460634924,0.416300900406982,2.49051402357054
1575,0.870915603005724,-1.43307413880993,0.84074728337185,-0.376101253226782,-2.19877285021321,-1.15043892870519,0.205035303012642,1.29995701350402,-0.725708006003585,-1.2651472455853,-0.608640960481842,-0.469170893483819,-0.077025178709817,-0.230550878536378,0.177398500329799,0.573652728834621,1.31317584675832
1576,2.38132040934523,-1.44128798249157,-1.13528977167237,0.41736416050526,-2.51753318173978,-0.898679709363194,0.148047205078157,0.913601773941411,1.00007776252668,-0.716853165296446,0.180277054901403,-0.0716665216801659,-0.53444946175919,-0.751879736990517,-0.994721121485817,0.527190574771342,-0.652683301521338
1577,3.59596827381894,-1.26299925787227,-2.68636944148783,0.759643358585748,-2.6398742948961,-0.91076415189161,0.191444391498662,0.0820300427596469,2.38372444467265,-0.0524759415589679,0.797245534162955,-0.884480612288755,-0.844161582010798,-0.684747617616364,-0.504345458787191,0.247178659616646,-1.05814209188655
1578,2.44347025519353,-0.657832245444947,-3.60548395317257,1.18850701784075,-2.54896025667901,-0.768973359558197,0.390855869057243,-1.04447413223734,3.9240362577933,0.491683670607057,1.21270636119461,-2.74736504229804,-0.734586013971727,-0.029154520413918,0.275097522974832,-0.0712419695636948,-0.888833483400893
1579,0.549808066122862,-0.25064302410912,-3.45584690590343,1.49628771967202,-2.39294727751636,-0.413590045535033,0.789397632901703,-1.95212716261984,5.41276655668761,0.213720198349251,1.71528584622939,-1.57458618648017,0.570115234885633,0.430029176105291,0.369751846472357,-0.27071948434204,0.0464193819920507
1580,-0.602962539545747,-0.693465832005039,-2.38413809305096,0.683205513955125,-2.2049460256477,-0.156644586274591,0.878628996772804,-2.0880089891759,5.46105563383568,-0.89272707852135,2.24348846597096,0.45730066214963,1.36260441667408,0.379008765380934,0.253784628942276,-0.370458241731213,0.924273182673734
1581,-0.569706920276045,-1.16684897006944,-1.13869061365576,0.314545112860528,-2.05117783755214,0.188341071989748,0.101556914657919,-1.34535531961146,3.4274269984865,-0.564195880761267,2.32877690006645,2.02862253501289,-0.330982671694486,0.0851618885774973,0.550642795824297,-0.421876358894576,0.112503421833779
1582,-0.466941604991801,-0.93154650695399,-0.462514509740969,1.00992656666832,-1.70099043108633,0.884178378329095,-1.02672306706308,-0.344714034650272,0.873867674526057,-0.244251655256287,1.81631420593048,2.3176626680004,-1.84602604037587,-0.43731780620877,0.918782742747973,-0.525951583996321,-0.113752483564952
1583,-0.601054430243387,-0.0297751833459749,-0.0890133423478464,1.06065964938776,-0.98770806951895,1.64751233137403,-1.80712257923828,0.0234818824693646,-1.6774966913822,0.0403905731999329,1.29067389965959,1.07959753984449,-0.544869883425651,-0.505217149804342,0.332319956952995,-0.733482538812302,0.380126894058265
1584,-0.724263773767202,1.09340754421,0.291733097096845,0.889520050347514,-0.137493452859172,2.12404218174456,-2.00508123522123,-0.222608245809576,-3.15909337660691,1.06224027155729,1.02602352261651,0.504336453811354,1.31275827591906,-0.660196442530959,-1.23972985288528,-1.03641578330488,0.26001286992703
1585,-0.173637946514756,1.2122666939562,0.0964064770943452,0.848257143069037,0.725067514669592,2.33793681449752,-1.45263411478397,-0.66406763623363,-4.16548164353362,0.591865013583268,0.624014841305921,-0.0163215680845098,1.29857790829047,-0.806352656711259,-2.08973821488954,-1.47749649921228,0.0809645328787225
1586,1.16667254487152,0.833342758230755,-0.559956025699824,1.03089624085902,1.45069622710596,2.17600528461675,-0.112335913444869,-1.19569745534004,-4.87500183390235,0.308494929164842,-0.201507652229893,-1.07188188947726,0.17865114671468,-0.63142553422775,-1.4671867891991,-2.0629196404096,0.178846084697451
1587,0.515462098680383,0.72752912492011,-0.869728371578127,1.1140984965189,2.16510098420688,1.64308136911361,1.34840588303537,-1.60240365970944,-4.64892115452732,1.4133520259882,-1.2068496446902,-1.83217020643207,-1.18212701049209,-0.15306123217307,0.136653261738149,-2.68055654175746,-0.873846507971681
1588,-1.64942419836859,-0.181036738498093,-0.0644681349894701,0.49583132844466,2.84022189763375,1.23422439690221,2.1310549253922,-1.53540202173019,-2.94179252944062,0.350475682412016,-1.68490412936275,-1.8339507411322,-0.641769062220986,-0.83320550446092,0.7887561791544,-3.07517510360158,-2.04393633927595
1589,-2.49471661931405,-1.62054304166166,1.63299560280667,0.763702005203303,3.31331161502266,1.21166677084916,2.26602673628967,-0.748289321357084,-0.816661580290991,-0.951563740269284,-1.77129069780282,-1.11743390222221,0.870051495635715,-0.924505186809768,-0.197636794663234,-2.802597133097,-0.513116340559163
1590,-0.0177181578076282,-1.34707036379031,2.50775130601242,0.248930325876719,3.51085322892645,1.24912854268725,2.16854709508594,0.385729056030095,1.38831096800686,0.00540661216062093,-1.95321495422109,0.419167543988548,1.01497055571876,0.0794077069168556,-1.03376491055386,-1.8361843285808,1.90540691963358
1591,2.16270560070342,-1.01706711469821,1.61702643175423,-1.61263558937527,3.57707456540556,0.932918963193705,1.47550433829715,1.06012872055025,2.72997907740479,0.222943242623251,-1.94662614815362,0.920091306291322,1.3093206110394,0.0364431505173975,-0.308231013697712,-0.693834834011637,2.07943060375354
1592,1.74264896714103,-1.30503481083129,-0.312581737081972,-2.57115263222122,3.43677512371252,0.36525227542137,0.247916972099858,1.18098214232591,3.12946144290242,0.208949658207527,-1.17024516653763,1.56509000141282,0.795067430448195,-0.210603048779487,0.574642189104653,0.334527509255611,-0.0225088972325008
1593,1.05491185716186,-0.622923409797942,-2.66330286107875,-2.69764711846836,3.01363200756634,0.00324769392951177,-1.02128670245749,1.15906571868784,2.6635815963262,0.359380690676568,-0.363299445664248,0.776609885039313,-1.07555939922272,0.244744526632627,-0.217069139222328,1.12624261449389,-1.76441083176454
1594,0.0291668136217879,0.618091737044031,-4.14370416271769,-3.2584167927939,2.4827389201999,-0.00387709197786676,-1.78912633778529,1.1578133516228,1.78669585447839,-0.0655154179463478,-0.388373513198758,0.0646927607713299,-1.19931533489037,0.491407113818802,-1.44891859431405,1.57599626582643,-0.617505996689004
1595,-0.942060821279431,1.6833547874625,-3.35825752724965,-3.1068939857385,2.05061663978536,-0.207651004113279,-1.41645417102951,0.879474771419268,0.842863892038947,-0.242343439199597,-0.27078162713363,0.177311580554448,-0.352253223137364,0.199478297568913,-1.63160054316453,1.80706804536781,0.912420496799939
1596,-0.852924858154902,2.55643805409417,-1.10261211609284,-1.77971654179795,1.74027427476038,-0.76635506367704,-0.846385730836188,0.522863249651185,0.0137184878261547,-0.575963213110854,1.047254119945,-0.494098379285616,-0.467092715523409,-0.106644166777226,-0.978243926099304,1.85043272249353,0.100612098980441
1597,-1.0769914076606,3.009648958411,0.78234151887451,-1.55649097783242,1.43947227177051,-1.16010648272792,-0.96598575215922,0.641211937296782,-0.209344124227121,0.303406353013669,1.69368920411937,-0.77393908298912,-0.87531541998269,-0.304204403792592,-0.430735379397441,1.54873846877597,-1.17322813300709
1598,-1.31904870201712,2.3873295077073,1.50346788204801,-1.97520802054353,1.11509996257622,-1.17299655475823,-0.966735595553094,1.16219663635042,-0.0602241615568193,1.42639150237558,1.07580561290401,-0.0477776811201106,-0.165437622333498,-0.330290027320834,-0.355871600358718,1.1510224299943,-1.19084105891508
1599,-1.84814015285722,1.3586663783997,1.45910907356902,-1.47599448658424,0.654917793823076,-0.756788213342044,-0.680482879941387,1.82563808905153,-0.0285344546784018,1.12521140142805,0.477505417500264,-0.454629860099437,0.971999744723046,-0.0678993435955722,-0.538105799334558,0.832601800813964,0.23456606571831
1600,-2.02668466614947,0.545133478459979,1.52890026557597,-0.510713032709029,0.112239553354426,-0.411374564404824,-0.603623932069219,2.31969689620696,-0.15158929047901,1.01994148230067,0.370437318903999,-0.596924258218028,0.586766424146472,-0.622218843570724,-0.635894371954518,0.505508236208478,1.46155789679142
1601,-0.433413398678905,-0.217153492333576,1.51588834842213,0.73799724329212,-0.364778548401885,-0.766757878427987,-0.64542770127774,2.16346410484412,-0.390839718167148,-0.199726613933526,0.515757097169698,-0.209954716723467,-0.707944111154385,-0.168022104490738,0.132892162791227,0.154873846877597,1.85951678000617
1602,0.674107757819454,-0.954376160716219,0.837642166778322,1.70666090268196,-0.618439938982887,-1.30189727506134,-0.70747724212088,1.29306899464634,-0.859874816943379,-1.00340360980936,0.771622399456156,-0.755688602312805,-0.820957344073112,1.14853465946409,0.567478191110517,-0.179034166990503,0.597997732345304
1603,1.78817100335448,-1.54951745217917,0.160874612083815,2.63744386030795,-0.709353977199972,-1.3937390382773,-0.610185061765624,-0.236384283524937,-1.36087399235455,-0.441752017123675,0.481623421292428,-0.185472364596703,-0.303803633739697,0.589611814160421,0.289604618912958,-0.383467644868931,-1.34066186500882
1604,2.00078889704601,-1.84763166109547,0.503620338931503,3.87600751976521,-0.809808377452184,-0.946211849974963,-0.248198163372561,-1.89013499290072,-1.4398924822332,0.277645436248357,-0.24570755959912,1.88261868960237,-0.123863362695145,0.148074274733847,0.165488353664547,-0.470816494507896,-2.34303270063062
1605,0.172275011298785,-1.69833297299963,1.51766270076129,4.64376817158607,-0.930465897308192,-0.0281215048005011,0.104275096960715,-2.59365219168288,-1.06784709238788,1.2552881292924,-0.80017389241516,1.20838954982044,0.865324706426187,0.06252877404564,0.14041436068507,-0.654806624598482,-1.13531173513907
1606,-1.26180542294632,-1.44563648797009,2.48172747170474,3.9592097754251,-1.1880556722566,0.763535360420409,0.412038944934206,-2.53353857256131,-0.313330261949374,1.22380256435702,-1.25553360063312,-0.827651879776326,1.09833392905044,-0.528233876446909,0.0272231923777177,-1.06491257113036,0.722759468155865
1607,-1.99424680800935,-0.850857571963681,2.71889923437242,2.12334862208429,-1.46640976457558,0.825770239441751,0.913309253739514,-2.49471519354529,0.456825644610953,-0.272556860097185,-1.7354183092133,-1.072920534719,0.49846140755028,-0.321850560885226,-0.332140857003141,-1.35111944016016,1.1280180523654
1608,-0.758064567123292,-0.248106395913316,1.69982954091502,0.238783709332831,-1.57247614249551,0.495864958415998,1.66765170797757,-2.12182289993178,1.2094218867538,-0.706357976984653,-1.34631270645149,0.186807765621799,0.0444747893805638,0.142703705183914,-0.8886939511726,-1.31642769845958,0.517725896716636
1609,0.104946011629798,-0.190035729002252,0.206859910207038,-1.31567794519081,-1.56518057152747,0.436046967900339,2.38300230573414,-1.16720610461055,1.60286811760792,-1.03775149882977,0.169295711455632,-0.225979529024622,0.294564909375618,-0.199094685458203,-1.14552327926239,-1.00234353699181,0.151666072929792
1610,-0.724536360810396,-0.419268403220604,-0.748924549820335,-1.86968320848709,-1.71221438642177,0.473810850801639,2.17904490260019,-0.60677184300838,1.52714206480754,-1.47377886778338,1.58350972488014,0.111728552433054,0.97758595015249,0.215590006218709,-0.524046453271066,-0.418159386569513,-0.372887134545764
1611,-0.0280764654490108,-0.425670369619536,-1.46206632746762,-1.74115939893118,-2.12806193159992,0.328998947836122,1.48562722411446,-0.928003995189288,0.901030280421843,-0.713036733183067,1.4034156923695,0.521548289245928,0.833848587371826,0.497544907590153,0.537747599434852,0.198238524003325,-0.634286000795014
1612,0.858649186061982,-0.329157706360169,-2.32854171975728,-2.06449824612974,-2.40585482615212,0.295565323507505,1.05934125469663,-1.40014637870665,-0.0894445406265289,0.0241707367180701,0.499376593196424,0.131017678351111,-1.32951689220739,0.468773999286945,1.37369661537562,0.656045615373503,-0.483427252166734
1613,1.50413530434604,-0.329882457273256,-2.92472410571495,-2.21466817097929,-2.36713218024484,0.424163932747397,0.214502075860312,-1.1368362032835,-1.06414310067482,0.371148023026155,-0.311229575492219,0.73179976175275,-2.52582427032806,0.334126148427929,1.98693484367369,0.939155007465751,-0.586377349806452
1614,1.22037219238079,0.0394083308990845,-2.62840726507528,-1.88321203054561,-1.97766093010499,0.467567222161957,-0.600249636796783,-0.0156545883129097,-1.94637905277483,0.296409560805806,-0.0363299445664248,1.27664337999202,-1.06954348568332,-0.260089011061005,2.00627763825785,1.09278986356833,-0.344702962524739
1615,0.693188850843054,0.649739193582147,-1.47980985085921,-1.71342531371122,-1.28963246804235,0.139726366734809,-0.604748697160031,0.901078103291083,-1.93046560689649,-0.041662717237726,0.641401968428392,0.484602194218265,0.176287752109916,-0.93678077435247,1.01728771516735,1.14854444844426,0.56619664955711
1616,0.652573381407106,0.560715623091341,-0.175956606966673,-1.21827042636949,-0.601042808212951,-0.371596607748788,-0.548135520922484,0.994379449636025,-1.13369583395343,-0.503451002956643,0.664554300859892,0.913711056949196,0.102592811252267,-1.20492563973837,-0.537389399535145,1.08721440508073,0.565312372268306
1617,-0.336644998344936,0.0853998159253723,0.568679924700693,-1.02480827093269,-0.119535124322464,-0.723958811139847,-0.946489823918474,0.893876992667145,-0.13745924801807,-0.684095456323272,0.107525654573172,0.53772147943876,-0.528755829302258,-1.28471695876594,-1.70073312380794,0.840035745464089,-0.101731327621479
1618,-0.428506831901408,0.454781197961848,0.799937179571177,-1.47870025099594,0.152645792562019,-1.00945376587367,-1.18100334535282,1.08267132772084,0.608689304846486,-0.289730804607392,-0.556479579114431,-1.38050790416618,-0.0620928218888064,-0.453045902747857,-0.65702816603722,0.354351361655943,-0.224987826088843
1619,0.262228735552897,1.23449238862419,0.996890289217907,-2.00767719348397,0.321005122593658,-1.16010648272792,-0.819203907808226,1.23483392612232,0.367792658619208,0.0276691328220013,-0.86642799787131,-1.78646981579544,0.45194550464742,0.665567012080891,1.94180165631063,-0.342580949293246,-0.74505176158623
1620,0.971772808987608,1.28715762164182,1.15776490130172,-2.12470150429015,0.307536376191127,-0.902707856872666,-0.264600987613572,0.94491095056723,-0.299611774123219,0.0130394763873799,-1.06702053814739,-1.41908615600229,-0.0371697515112924,0.955577767777234,3.19657590498359,-1.072966011168,-0.253096409252695
1621,0.480298370108321,0.881055526675623,0.575925196752262,-1.59640100290504,0.180144483133854,-0.50744588250573,0.0170003556955054,0.552920059211971,-0.408399382584626,1.51734980107779,-0.892417177359634,-0.603156129668477,-0.255461471369519,0.252033156736107,1.87481827506545,-1.67945199554067,0.38531909426238
1622,0.259502865120954,0.0919225741431518,-0.741679277768766,-0.792788972629116,0.0836184672490474,-0.574413834850701,-0.0335672081789269,0.458053254035738,0.23143088962723,2.25646548703562,-0.482630044441623,-0.324799204881746,-0.14857157901768,0.0487187380600998,0.238382033254883,-2.11124028063541,-0.460974472840034
1623,0.31783649236453,-0.635727342595806,-1.5892282451074,-0.0351749373521451,-0.0656601387123392,-0.779748654146034,-0.160466486289209,0.147153130141351,1.02435948597897,0.323760657618359,0.0564624075503378,-0.0350171824358574,0.321529093275429,-0.219042515215095,-0.211337940827019,-2.34045357401425,-1.19925292717146
1624,0.446770163795425,-0.397405084009158,-1.34318472074391,0.326044611610268,-0.435489467015173,-0.50019521698868,-0.227905526525824,-0.512844313130922,1.20119079405811,-0.877461350067833,0.93268210332746,0.247049189642808,1.25474768107484,-0.834356340793048,0.00125369964897384,-2.12672766532317,-0.807958220802007
1625,1.41281864487595,0.480268271738727,-0.98121684355533,0.508683709400252,-1.04438904396293,-0.00639468417128673,-0.511580655471087,-0.843469218299576,0.588111573107253,-1.06637473968012,1.01540822395227,0.425844549114029,0.856408263144576,-1.04150688057615,-0.153757306949149,-1.33811003702244,-0.106081899663741
1626,1.43980476215219,1.14655594450302,-0.770512503280112,-0.0615561403662538,-1.6611453896455,0.0485643534110713,-0.796333684295044,-0.6380810196342,-0.166953996844303,-0.96523928867556,0.45215681637961,1.62740871591731,-0.131598108674374,-0.0567745923849982,-0.592462634115067,-0.446656174394991,1.37949423613017
1627,0.40315623688434,0.963314755310954,-0.32914235891413,-0.96866365938984,-1.87945132091986,-0.172832704078281,-0.73203461327028,-0.011271303585295,-0.608826489724747,0.310403145221531,-0.424703457765183,1.77222553819441,0.0926020976957632,0.397038534584278,-0.890843150570842,-0.00929243081265585,2.46799745110005
1628,-0.911803659484866,0.749634027769251,-0.085316774974597,-1.43067293268821,-1.48941887301323,-0.098563734372392,-0.103478388354723,0.571392473421205,-0.921882381917598,1.16496590260909,-0.863133594837579,1.64402703978517,0.302514509409825,0.299601058464078,-0.517509305101417,0.0322137601505403,0.705984278626744
1629,-1.15522388905736,0.281324146096453,-0.072009132430899,-0.913871930052846,-0.676804506727189,0.334134835910699,0.63380512867268,0.626809716048905,-1.2165555004234,0.43157486482133,-0.453987040287238,2.8458879623718,-0.833741160344337,0.22901643009354,-0.0912514244503104,0.230452284153865,-1.98192017557009
1630,-0.577611944528679,-0.697814337483559,-0.0760014251940084,0.310486466242973,0.280598883386065,0.978437030050738,0.685544322850042,0.280217130801084,-0.939030491700292,-0.543841576156576,0.357991796332126,1.19444202800276,-1.43479537914688,0.287325470921376,0.119907416426855,0.675869467773835,-2.08517840613077
1631,-0.0550625827252445,-0.957395956187413,0.00576664510226912,1.43202581489406,1.22172753826293,1.52425101758419,0.463590678263099,-0.39011234075771,0.240622276470754,-1.0234398784046,0.669312883019726,-2.55566080625088,-0.176717460219873,0.116234469544963,0.316200961466188,1.06924903884293,-0.280111361275974
1632,-0.0220795504987367,-1.02479779110447,0.530974937493549,1.77362857187162,2.02143435591321,1.6011886350151,0.102822275385083,-1.24266122027877,1.47336559252902,-1.20154004369564,0.0496905790921125,-3.31298156537214,0.830410922492169,-0.0172625449819251,0.415153683760195,1.40253755732352,1.38760960669307
1633,-0.796226753170492,-0.971890974449145,1.38695207844319,2.11996641656967,2.56635738744895,1.38407148425456,-0.339397866152584,-1.54291622412038,1.70767736459974,0.19527410980125,-0.733004675005196,-2.58711691928648,0.131060973536927,-0.0736535252562139,0.415064133785269,1.6875054355783,0.703302158084251
1634,-0.495290657484007,-0.357906159245938,1.85419819442192,1.71613107812292,2.84639507306824,1.07189005227049,-0.704102946848443,-1.00439838615629,1.39050592605904,2.05928316117768,-0.925727252478472,-2.00666260704464,-0.532300921209405,0.463787041847722,-0.0393124389928226,1.91238226124457,-0.330803118557298
1635,0.781507052838,-0.0870003075251052,1.65606218321575,0.789406767114486,2.84976225966888,0.95225407123917,-0.454592557536601,-0.277712396671018,0.791968302203913,0.824667372499417,-0.587867919130259,-1.69922361548915,-0.431104661314499,0.68014427228785,-0.661057914908922,1.98858019390835,0.173999009413404
1636,1.09525473955462,0.15237887947646,1.292319953688,0.919283458876253,2.7566034303847,1.0344282804324,0.469964347111035,0.261118533059334,0.204542653487967,-0.755017486430241,0.0277278922005711,-0.426586438572416,0.392860639528313,0.130811729751922,-1.33859302520436,1.87645152876897,0.501649623266052
1637,-0.295211767779405,0.367931880210303,1.40351270027535,1.0904230579165,2.6438026792635,0.798378836377342,1.15625851335495,0.656553433843434,-0.0301806732175404,-0.555608908506163,0.715434525491963,1.51938961077619,0.600302229610122,-0.271213762271579,-1.93535405811591,1.58838617357664,-0.120206143035732
1638,-2.76621331433555,0.201752535430485,2.04287099315257,0.298986967493233,2.33346031423852,0.281366103536616,1.38458582678983,0.512531221364664,-0.122780466044085,-0.0263969887842081,1.47808882780074,2.61738600918867,0.0999071355650346,0.351388693409854,-1.4460529951164,1.12438412833136,0.053650715994994
1639,-3.01481269772874,-0.179617434626632,2.43441140932715,-0.240813032641608,1.65384981867747,-0.163240677821351,1.50512315235521,-0.241706843551326,-0.472464720732769,-0.919760139324455,1.34118807951013,1.94137633470661,-0.351501233944939,-0.0329906415210125,-0.798427576446484,0.672771990836283,0.698273733737346
1640,-1.59845042129126,-0.681990609214501,1.65369638009687,0.311162907345899,0.764912556110413,-0.531312656499351,1.23799144328731,-0.705082657613454,-1.36800760602415,-0.677734736134306,0.566728832997151,0.371538240760115,-0.855441419897172,-0.297682997910531,-0.684520008339718,0.344439435455777,0.0160262178995165
1641,-0.940152711977071,-1.39490392405403,-0.355757644001526,0.691322807190236,-0.078006489581326,-1.01025939537557,0.503707299835401,-0.25830070716301,-2.22568746491534,0.0187641245574491,-0.283501683291648,0.342456173991352,-0.602987905297354,-0.0521712470564849,-0.657386365936927,0.0638080249135702,-0.661070695678528
1642,-0.306115249507176,-2.15395971369341,-2.05410855796725,0.158963659187579,-0.749760216407566,-1.84448874458721,-0.259586409917035,0.60332783357954,-2.31568074505492,-0.52634959563692,-0.638656632566949,0.51412939466206,0.152438952007295,0.140785644630367,-1.11579268758672,-0.359926820143537,-0.95841575468945
1643,1.03446782892229,-2.04911241493354,-1.99969508623301,-0.520183208149991,-1.11061038044205,-2.57559751755637,-0.718537432180533,0.917671966902768,-1.35977651332846,-0.833890416773417,-0.340330135623511,0.753908067612677,1.35572908691477,-0.0962866397880713,-1.02731731235914,-1.15226142076933,-0.394922971513787
1644,1.03637593822465,-0.826095249099889,-1.11251891665315,-0.581062907413319,-1.32218193851514,-2.42695887445685,-0.960361926705158,0.680348408079056,-0.108787608461407,-0.943612840033077,0.334747952705244,1.12247875053924,1.24400497832591,-0.588844589939002,-0.81347197223417,-2.17752628709902,1.56367868356182
1645,-0.431232702333351,0.376024932073103,-1.0634285019364,-0.426834335946222,-1.61007639286924,-1.50934687179914,-1.29366731528251,0.785860333308068,0.925723558508921,0.148204780402903,0.44511045433524,-0.0185472364596703,-0.872952025377926,-0.631041922117041,-0.946722334925104,-2.90481387203622,1.73297686046422
1646,-1.1148810066646,0.628842208921483,-1.89737410134147,-0.14408195492321,-1.75542661446322,-0.54299428427682,-1.7591326020303,1.25017542266897,1.44867231444194,0.823077192452175,-0.216881533053972,-0.618587430402922,-2.1373681389268,0.186051873694082,-0.0828337268072003,-3.01508405101307,-0.195971374209426
1647,-0.350819524591038,0.397767459465702,-2.66271141029903,0.65953007535272,-1.65665580751133,0.421042118427556,-1.96159031837649,1.31655087711571,1.87888409267015,0.670737943926444,-0.67983667048859,-0.615619872569375,-0.282425655269329,0.558539233192956,1.15197087745711,-2.59568567366853,-0.937692612110498
1648,1.1816648322472,0.312246851721482,-3.18969405502947,0.591885965060133,-1.31432516978033,1.59635485800374,-1.66915139476532,0.87039511019778,2.28330511378519,1.08036832409584,-0.738678369118844,-1.72711865912449,1.63332052594708,0.365965953616813,0.837829565414233,-1.83308685164324,-0.579679069708184
1649,1.0720848408831,0.173759031412515,-3.26125959937558,-0.421422807122815,-1.01857394669142,2.37620421583751,-1.14988484450702,0.0256735248331719,2.02759250070567,-0.255382915586977,-0.670411017364303,-2.38294894033843,1.66168126120425,0.20830137611523,0.177488050304725,-0.768174280512884,-0.558922626305742
1650,0.46557866977583,0.626426372544527,-2.40838757501947,-0.725144862336529,-0.928221106241103,2.36291132905625,-0.483086606503844,-0.869142743132748,1.04877839430953,-1.97977415881561,-0.53387631385522,-1.17812045991825,1.36217470856413,0.108562227330774,-0.17354785140795,0.289304345967352,-0.13444039948966
1651,0.75533869669135,1.81719212274583,-1.13780343748618,-1.67148596532982,-0.849653418893005,1.89403495895371,0.185117587862843,-0.877909312587977,-0.34488278394953,-1.3481546440513,-0.233902615394916,-0.899466779348169,0.976296825822618,-0.304971628014011,0.207308191955317,1.06491257113036,0.471109959623049
1652,-0.0727807405328727,2.41631954423076,0.126866192249921,-2.66856015104254,-0.7772589069794,1.20844425284159,0.443719828325417,0.232000998797322,-1.21984793750168,0.618898074386373,0.162798416583551,-1.13078791247318,0.761979905981495,-0.75686669442974,0.794129177650002,1.6156439706271,0.581448827930015
1653,-0.0656934774098215,2.40907203509989,1.43663394393966,-3.25300526397049,-0.691395648663264,0.0955174478183538,0.496208865896653,1.06732983117418,-1.24563869461485,1.18850056730826,0.443646275209137,0.302542521130141,-0.115376627523492,-0.377857929048806,0.770129784369646,1.78786368835499,0.732604876681255
1654,0.184541428242527,1.9056117341424,2.42967980308939,-3.61354837182998,-0.466916541954412,-1.2213343248719,0.569506057647916,0.869455834899006,-0.738877754316694,0.843431497056866,0.340147113232748,2.71056732516205,-1.55253540127514,-0.124290323869861,0.606074230303926,1.47192104072469,-0.115025618180575
1655,0.266590128244006,0.600335339673409,2.91289509012055,-3.37747042690885,-0.131881475191451,-2.08980292791405,0.776275373508893,0.349097319377887,-0.129228155322378,-0.394046615706432,0.15245765150545,2.46960162907801,-1.41631793041873,0.299601058464078,0.90338014706058,0.949066933665917,-0.537355327912068
1656,1.89747840767538,-0.650463944495233,2.9738145204317,-2.06788045164437,-0.133565068491767,-2.21266142695295,1.31166355673551,-0.0716980144731265,0.037588656643664,-1.12521140142805,0.285514929590039,0.904511627665199,0.203789071147173,0.670170357409405,1.48509678418444,0.537721996359019,0.763208333468052
1657,2.19078206615243,-0.736226135877149,2.75497773193534,-0.290869674258123,-0.58757406181042,-1.81750015627375,1.46181969635894,-0.40576692907062,0.0497981108089417,-0.485004914408643,0.719552529284127,-0.213219030340369,1.4176070547486,0.664416175748763,1.73655311377862,0.0712419695636948,1.52321136237156
1658,1.36048193258265,-0.217183690288288,1.9872746198589,1.05524812056435,-1.15831219061768,-1.05255494422502,1.14557324499224,-0.722615796523913,0.111256936270115,-0.076646678277038,0.730991428706805,-0.0256693752601836,0.78679554933152,0.525548591671943,1.23399865448997,-0.551350894884247,1.02226145761353
1659,0.731623623933447,-0.167689242515415,0.663459912150808,2.04217568973319,-1.64374825887557,0.086353412234305,0.791834623931796,-0.897634093862243,0.157762610000779,1.03075470662191,0.0725683779374682,0.0520806399787541,-1.19458854568084,0.197560237015365,0.844277163608956,-1.14172999918165,0.661293369859692
1660,-0.338280520604101,-0.664596587300422,-0.542212502308227,2.19708070230321,-1.94342786633189,1.04610990820987,0.471464033898785,-1.14779441510254,0.0838199606178054,1.30394763873799,-0.500017171564094,-0.882254943913595,-2.18463603102209,-0.410464958459109,1.26802764496211,-1.6218389245022,-0.89248172903932
1661,-0.8005881458616,-1.01610078014743,-1.00265693432018,2.0685568927473,-2.07867652812397,1.11176871261426,0.466777512687067,-1.57453849251246,-0.0377258415219255,0.782686619252242,-0.540099075141157,-3.09338228568964,-1.40643464388971,-0.722725216576599,1.89559386924845,-1.88574395958163,-2.12433535997746
1662,-1.05000529038437,-1.08036202777444,-0.461035882791669,2.28637092788943,-2.02143435591321,0.469279184853483,0.384857121906244,-1.72513563208265,-0.3546229103061,-0.463696501775607,-0.67407146517956,-1.10927311817996,-0.672922900192878,-0.448058945308635,1.16020947515036,-1.84981322710602,-1.34429125355442
1663,-1.28742860500658,-1.2233795412902,0.461331608181529,2.4608927324443,-1.68583809138348,-0.138543098403901,-0.189663513438209,-1.35005169610533,-1.01352188059631,-1.3487907160702,-0.814449638894662,2.16038210282239,1.11208458856907,-0.262390683725262,-0.305902714349618,-1.51528571785041,-0.743479401016891
1664,-1.38038078673583,-1.10935206429791,0.991567232200428,2.04352857193904,-1.12576272014489,-0.187006748127236,-0.253400201917567,-0.669703288026278,-1.58201601611216,-0.251248447464149,-0.585397116854961,1.90873319853759,2.28690656119189,0.567745923849982,-0.86075435899547,-0.95154491521596,-0.0490162845235899
1665,-0.889996696029324,-0.671964888250136,0.941589641314096,1.63901679238937,-0.529770691832891,0.190682432729629,0.336867144698257,0.279904039034826,-1.22259163506691,0.228349854783872,0.0449319969322785,0.935819362809122,1.12970262107732,1.18996476742071,-0.159219855419678,-0.307889207592664,1.64821342581188
1666,-1.07426553722866,-0.460337621628846,0.384295144123011,1.22165263188411,0.0650989409455671,0.240077591564529,0.745156872663089,1.22982445786219,-0.0877983220873903,0.330757449826222,0.520790212915677,0.222270081732688,-0.516079440058523,0.38207766226661,0.789114379054107,0.398955029556691,2.91203825458833
1667,-0.761880785728012,-0.591155161440979,-0.625607062248734,0.834051879907593,0.74021985437244,-0.0996211230936283,0.803269735688386,1.57391230897994,1.7213958524259,0.563241772732922,0.26950047039829,0.50789752321161,-0.78819210068888,0.151143171619522,0.86970935648814,1.2464247196709,2.04004455628983
1668,0.655026664795855,-0.221532195766807,-1.43545104238022,0.663588721970275,1.55620140725912,-0.211074929496331,0.552634581285732,1.58956689729285,2.94892614311022,0.95219981228818,-0.533418757878313,1.63215680845098,-0.650470651447618,0.0955194155666524,0.640819620575487,1.98052675387072,0.197019989056077
1669,1.02656280466966,0.2422479926992,-1.58153938497104,-0.165728070216837,2.28407491076257,-0.0292795972094743,-0.0893836758104828,1.64717578228436,2.94234126895367,0.772191430940449,-0.392216983404778,0.807620864399882,-0.569255818665719,0.185668261583373,0.0274918423024978,2.34726802327687,-1.56702842543307
1670,1.85440965485069,0.629808543472265,-1.7081098518311,-0.758290476379896,2.67522975420274,0.22618048265685,-0.752655306601837,1.48906444032397,1.86077568873963,-0.521897091504644,0.735566988475876,-0.786106070106664,-0.182733373759273,-0.405478001019886,-0.546881696877375,2.29894738305106,-2.1367248711745
1671,1.74046827079548,0.792031956184818,-1.84532643272612,-0.581062907413319,2.71788078447743,0.407145009519878,-1.17969111941354,1.1346445609197,0.530356739359142,-0.430302720783537,1.46527726044734,-1.42146020226913,0.395116607105588,-0.365965953616813,-1.02588451276031,1.80149258688021,-2.21646349241259
1672,-0.588242839213256,0.83249721549882,-1.94942176995682,-0.462685714401293,2.46927017379737,0.23876844362395,-1.66165296082657,0.755177340214765,-0.794849184647405,0.537798891977059,1.20904591337936,-1.27901742625886,0.97157003661309,-0.220193351547223,-1.19208926622427,1.02774284787974,-1.07238120303884
1673,-0.725081534896785,1.46737901536269,-2.18008757404759,-0.606767669324502,2.0781153303572,-0.03554840177109,-1.75463354166705,0.107077384060302,-1.6489622367038,0.105587955136832,0.725958312960826,-1.89626945563669,0.712456046308935,-0.452278678526439,-1.37871141397152,0.284348382867269,0.562468160970515
1674,0.0951328780748037,2.11530633166212,-1.94764741761766,-0.467420802121774,1.74700864796164,-0.0880905508477648,-0.980607698339778,-0.857245256014936,-2.04185972804487,0.0438889693038641,0.0752222026035295,-1.34549072173032,0.274261201180143,-0.105493330445098,-1.74479171147188,0.00805344003763507,1.64843971092571
1675,0.45413001396167,1.78143774436689,-1.35205648243971,0.0439686716901813,1.44227826060437,0.140582348080571,-0.244870733312241,-1.51724269928721,-1.8355336711395,0.219126810509872,-0.431841331004934,1.48081135894007,-0.469241256073195,-0.576952614507009,-1.9142202640332,0.283728887479759,0.724787608670794
1676,0.35027435050465,0.743594436826863,-0.374092618172843,0.0899666666891402,0.947301830311356,0.638964898689989,-0.152405669805054,-1.59989892557937,-1.03272776355293,0.0664695259746927,-0.621818572616767,1.95680763544105,-0.517690845470862,0.54127668821103,-1.3303544275111,0.69879079711172,-1.23916857809307
1677,-0.180997796681002,-0.335559672759101,1.20197584708579,-0.0838786967628074,0.286772058820558,1.1915260333018,0.175182162894002,-1.3600706326256,0.107827314313576,0.668193655850858,-0.430194129488068,0.859256370703604,0.211201536043933,1.45657518436377,-0.188323597270856,0.934818539753178,-0.57937936229678
1678,-0.715540988384985,-1.0228651220029,2.57931685035852,-0.140023308305654,-0.351870999766126,1.25919891146093,0.697166895455101,-0.96588809890653,1.01324751083979,0.516172443334575,0.0554557844011422,1.09280317220377,1.04848778829542,0.856989455324906,0.516792905302003,1.08473642353069,1.37249223647309
1679,-0.776055311974115,-1.09582338058696,3.02172203358902,-0.275987969993754,-0.793533642215792,0.86041230802321,0.511205733774149,-0.509400303702082,1.11339247197072,-0.670419907916996,0.412715491170216,0.404626510604166,0.373738628635221,0.0801749311382745,-0.301156565678502,1.162792842357,1.47574966460429
1680,-0.86873490666017,-1.07069868226662,2.60770648778508,-0.692675689396087,-0.960209378947114,0.545008358031556,-0.276317290642866,0.020977148339299,0.660682373707612,0.262061671785391,0.0991066245980808,-1.37160523066553,-0.456135158719502,-0.239757569193405,-1.69571832521205,0.92242863200297,0.573886732494726
1681,-1.46079396447815,-1.1151500716026,1.95651917931346,-0.821875940054928,-0.925415117407242,0.320237727003021,-0.872630249621806,0.48372677886891,0.268333621879587,0.804949139913623,-0.707747585079923,-1.34014911762993,-0.823750446787834,-0.705846283705383,-1.69822572451,0.327093564605486,-0.790944308502089
1682,-1.06717827410561,-1.34707036379031,1.47034663838369,-0.978133834830803,-0.67175372682624,-0.158054437902906,-0.976483559673467,0.428935719773726,0.122643281165823,0.459243997643331,-1.56740375449301,-1.11016338553002,-0.784539581754245,-0.947521913452335,-0.87866435398081,-0.329571546155527,-2.06198057103034
1683,-0.249144557479572,-1.64808357635895,1.07363102788657,-0.539800000134841,-0.401817601008845,-0.955879403997695,-0.759028975449773,0.122418880606954,0.0692783635220814,0.91689781523942,-1.56667166492996,-1.49802319437465,0.825361852200173,-0.228632817982831,-0.166562953363668,-0.913136201190315,-1.79222905582045
1684,1.45779550700301,-1.10596989337017,0.769329601720672,0.609473433736206,-0.331106682395557,-1.57903382371301,-0.199552073194933,-0.0767074827332576,0.221553578392399,-0.435391296934709,-0.569565680053975,-0.695002044616764,2.02134694923838,0.809421553596934,0.630163173559209,-1.27430201210887,-0.78511385588825
1685,1.96835103890589,0.129428433895384,0.448911141807411,0.624355138000575,-0.200908800504423,-1.80058193673396,0.284799894036075,-0.327493987506071,0.2411710159838,-1.7294798193798,0.647258684932803,-0.361745299909409,0.83191490087702,1.0027620573945,0.702698653249839,-1.18261669475733,0.0812602281427191
1686,0.458763993695973,1.20405285027456,0.0657988992438399,0.171139599040244,0.189123647402208,-1.87067170339878,0.387294112936338,-0.793687627464523,-0.141986349000702,-1.94574430580464,1.60071382961185,-0.270196140744476,-0.600302229610122,0.566595087517854,0.365274347726022,-0.791095609850768,0.714157424112327
1687,-0.227337594024029,0.929009878758187,-0.320714185303121,0.324691729404416,0.649305816155354,-1.6011886350151,0.568193831708635,-1.20978658482166,-0.712949812325262,-1.11853264522964,1.29909292963468,1.5828953484141,-1.75621704539482,-0.286558246699957,0.446764824909321,-0.466480026795324,1.2589974130147
1688,-0.460672102998333,0.235785630390844,-0.743010042023136,1.21488822085486,0.915313557605344,-0.733827772538054,1.23892874752965,-1.14591586450499,-1.34386306745012,-0.0117673323495867,-0.00997472029657507,2.016158792112,-1.20747978897956,-0.269679313828742,1.18205966903248,-0.105933711264277,1.32344253076159
1689,-1.41172829670318,-0.0341840847339185,-1.24086373585237,1.7993333337828,1.04607263726325,0.355383314023163,1.47606672084256,-0.310273940361871,-1.50244878672047,-0.2324843229067,-1.29250412356721,-0.34141752874961,0.776697408747527,0.178763243590603,1.60186995148886,0.425593331219638,0.247684985314187
1690,-0.59233164486117,0.441010930613203,-1.44846295953406,1.49358195526031,1.10275361170724,0.922848594420025,0.998229018095836,0.989369981375894,-0.887311792595688,-0.259199347700357,-1.10289292673691,-0.680164255449028,0.629414954059718,0.197560237015365,1.19638766502075,0.963934822966167,-0.571889485514841
1691,1.08217056148129,0.828027918201453,-0.97678096270743,0.982192481448358,1.10892678714173,0.938558369706966,0.803644657385324,2.0729805843955,0.132932147035439,-0.130712799883247,-0.219535357720033,0.089768624464804,-1.32693864354764,0.23592144808631,0.650311917917717,1.24518572889588,-0.592851752079333
1692,0.360087484059644,0.784422071597409,-0.183349741713172,0.62841378461813,1.0853564809373,1.03241420667766,0.943115528646038,2.51631852541711,0.79965065538656,0.397863047819811,0.980633969707326,0.63505737637911,-0.826436122475066,0.130044505530503,0.629178123835015,1.19686508867007,-0.71391388676464
1693,-0.624224328914901,0.967180093514082,0.404995921413208,0.533712030208509,0.979290103017367,1.48114983923284,0.746844020299307,2.20228748386014,1.04013574697905,0.78682108737507,1.53336158981112,1.42561478323609,1.63675819082674,-0.3613626082883,0.885111952175533,0.895790330340024,0.210722796464293
1694,-1.09988871928892,0.88830303580649,0.431167618415814,0.482978947489069,0.757616985142376,1.72525557830684,0.382795052573089,1.64341868108926,0.964409694178678,0.0524759415589679,1.27200561580178,1.25883803299074,1.40944260065941,-0.75648308231903,0.634998872205251,0.387804112581504,0.624060641910052
1695,-1.99779043957088,0.197253040178406,-0.387400260716541,0.491772681827105,0.528087098532574,0.99253554633389,-0.0591556139949047,1.00032819319493,0.825715782256253,-0.75883391854362,0.505050287310072,0.451365546482535,-0.519946813048137,-0.72924662245866,0.199785994061474,-0.179034166990503,0.0752715765565692
1696,-1.12987329404029,-0.434971339670814,-1.47448679384173,0.92131278218503,0.448397015650932,-0.351556573889165,-0.367048341301718,0.217598777549445,0.522125646663449,-1.13220819363591,-0.450601126058125,-0.0544546862455919,-0.907973236339433,-0.11815253009851,0.233546334608841,-0.550731399496737,0.302837769055925
1697,1.11924239935571,-1.00933643829195,-1.9872746198589,0.837434085422223,0.378808492571188,-1.49242865225936,-0.514580029046586,-0.485292237700201,-0.2393876125664,-1.12171300532412,-0.811887325423982,0.340378883507869,-0.508237267051805,0.726561337683694,0.585209086146004,-0.782422674425623,0.347458906579546
1698,1.63715778142485,-1.59445200879054,-1.96184223633094,0.301692731904936,0.259273368248724,-2.1764080993677,-0.818079142717414,-1.07891422652574,-1.20667818918857,-0.0845975785132452,-0.361286199365857,0.457894173716339,-0.180369979154509,1.14661659891054,1.18134326923307,-1.11323321135617,-1.00798142255767
1699,1.67886359903357,-1.62827371806792,-1.79623601800936,-0.189403508819243,0.173410109932588,-2.49825708537451,-1.14238641056827,-1.46057308959448,-1.59518576442527,0.325350837665601,-0.134521457210691,0.300465230646658,0.551745213184965,0.803667371936292,1.48760418348239,-1.46015062836199,-0.742787706803689
1700,0.109579991364101,-1.32919317460084,-1.38458627532431,0.171139599040244,-0.00505077990094917,-2.17801935837149,-1.28916825491926,-1.47873241203745,-1.32630340303264,-0.160926220780835,-0.480250753361706,0.185769120380057,1.25088030808523,-0.101657209338004,1.12582228477851,-1.6930808940659,1.40787977782962
1701,-1.44770978640482,-1.54855111762839,-0.19355226766334,-0.457274185577886,-0.18182807643417,-0.757493139156201,-1.4865645283568,-1.17315484816945,-0.684003803012075,-0.621760398471407,-0.453071928333424,-1.37872736946605,0.856837971254533,-0.716203810694538,0.616462027395424,-1.75626942359196,1.78054728742625
1702,-0.375079771435329,-1.6509825800113,1.55433264910392,-2.05976315840926,-0.32156632036043,1.05255494422502,-1.30772687891766,-0.871334385496555,0.147610929009425,-0.676462592096513,0.288443287842244,-2.37345275527108,0.254064920012158,-1.02462794770493,0.325245508933785,-1.5022763147127,-0.714482006837664
1703,1.0532763349027,-1.00740376919039,2.89160286205064,-2.30734060208013,-0.420898325079098,1.9613050223619,-0.679545575699043,-0.824683712324084,0.908301078969705,0.550838368364439,1.42940487185782,-2.19539928525825,-0.737486543713938,-0.954043319334396,0.176950750455165,-1.09526784511837,-1.73540461086102
1704,0.421692155821551,0.609757101543535,3.41740260522164,-2.29719398553624,-0.451764202251565,1.73049217006915,0.193178404346997,-0.910157764512571,1.57488240244256,1.5443828618809,1.77312092171045,-0.0271531541769573,-1.01024376650923,-0.344483675417084,0.290500118662225,-0.63498277219815,-1.14608675821897
1705,0.621771045526152,1.98726700368349,3.40557358962724,-1.65389849665374,-0.427632698280363,1.16775996299592,0.98341961106681,-0.641838120829298,1.71865215486067,1.03552524676363,0.85032202748418,1.78825035049557,-0.0143952216835641,0.427727503441034,0.0479092365857861,-0.0712419695636948,0.0411692062578847
1706,0.661841340875712,2.84827108843038,2.95547954626039,-0.378130576535559,-0.286772058820558,0.834229349211642,0.987168828036183,0.0635576285504135,1.25002861071922,-0.491683670607057,-0.668580793456674,1.03063283559096,0.741568770758531,0.925272411031187,-0.595507333262575,0.452231632882585,1.77659612465849
1707,-0.812309388718954,3.52760427763023,1.65369638009687,0.588503759545504,-0.225601502242396,0.694855445383913,0.176400658409048,0.745158403694503,0.57453027015936,-1.56982574263676,-1.74932801091128,-1.44223310710396,-0.116665751853363,0.484502095826032,-1.31244443252576,0.812777948413632,1.13121332656142
1708,-0.28403569900844,3.45561235359696,-0.291141646317125,1.13642105291546,-0.384981668005681,0.519228213970935,-0.0101346021203392,1.09676045720245,-0.226492234009815,-0.731482821731067,-1.52713882852518,-1.71109384682334,-1.03344800444692,0.207917764004521,-1.72294151758977,1.23155683037066,-0.131748168335698
1709,-0.0261683561466509,2.38926217680886,-1.71757306430662,1.21421177975193,-0.704303197299023,0.380156421206416,0.378530318270426,1.30653194059544,-0.840668933986762,0.356518366591533,-0.811521280642457,-0.277911791111699,-0.680657646172107,-0.24973148407185,-1.79708889682908,1.87892951031901,0.11986795913068
1710,-1.28497532161784,0.699626214766275,-2.18895933574338,1.38264561438047,-0.975922916416734,0.108180936551256,0.195334204104387,1.35725280672927,-1.01448217474414,0.373374275092293,0.0132691233303063,0.886706280663916,-0.878967938917326,-0.557388396860827,-1.609033949483,2.43399737752832,-0.670985113139342
1711,-0.397977083063649,-0.332660669106754,-1.92280648486943,1.33123609055811,-1.13474188441325,-0.386097938782887,-0.0102751977566907,1.21761387897812,-1.21984793750168,0.708266193041342,0.548518105116248,1.29088765759305,-1.04118275042615,-0.378241541159515,-1.0255263128606,2.65082076315696,-0.784424568963493
1712,1.80943279272363,-1.01030277284274,-1.11695479750105,0.559416792119692,-1.21948274719584,-0.606941125989687,0.278660551248725,0.87916167965301,-1.54579920825112,0.223579314642148,0.311504109078363,1.02336231889877,0.711918911171488,-0.382844886488029,-0.685505058063912,2.65020126776945,-0.019557497404548
1713,2.21367937778075,-1.84328315561695,-0.0273545985620458,-0.285458145434716,-1.14147625761451,-0.578039167609226,0.417475309539799,0.203822739834085,-1.42068659927658,0.142480132232834,-0.0235183772130256,0.312038706197492,2.46867309170376,0.239373957082695,-0.529061251866961,2.31443476773882,-0.933342641890347
1714,1.82278955784015,-2.45642242808822,0.681203435542406,-0.52694761917925,-0.992197651653126,-0.734431994664475,0.076273132720703,-0.419856058552239,-0.552443504759251,0.495818138729884,-0.0212305973284901,-0.0732986784886169,0.826758403557534,0.130044505530503,-0.603835480930758,1.4545751698744,-1.49252485413341
1715,1.09716284885698,-2.55885389047113,0.740496376209327,-0.951752631816694,-0.797462026583197,-1.25758765245714,-0.214080288951257,-0.782729415645486,0.90253931408272,0.704449760927963,0.0281854481774782,0.295123626546273,-0.69064835972861,-0.697790429380485,-0.578492838026502,0.351253884718391,-0.0781258984658292
1716,-1.08353349669726,-1.54710161580222,0.285522863909786,-1.40090952415947,-0.668947737992379,-1.94237272906738,0.0717154908423077,-1.16845847167558,1.93650174154,0.693000464587824,-0.110362501629996,0.635799265837496,-0.678294251567342,-0.303053567460464,0.0693116805932681,-0.687639880136533,1.15114527367144
1717,-1.44280321962732,-0.30584488532255,-0.71713407041039,-1.02142606541806,-0.643132640720861,-2.19493757791127,0.492459648927279,-1.24172194498,1.99686308797508,-0.241389331171252,-0.332460172820709,0.106980459899378,-0.168982714240645,-0.10434249411297,0.396527288975441,-1.58652768741411,2.25627442628685
1718,-1.40218775019138,0.343290349165358,-1.39109223390123,-0.53506491241436,-0.58476807297656,-1.70793454401611,0.154655199986679,-0.655927250310917,1.40971180901566,-0.519988875447954,-0.568833590490924,-0.299129829621562,-0.126549038382377,0.524397755339815,-0.347274802765754,-2.24567077972516,2.61601519814846
1719,-0.785868445529109,0.489448449971158,-1.09817623524494,-0.64803057660298,-0.218305931274359,-1.06020842449302,-0.432847099114232,0.012836762416586,0.570826278446299,-0.0397545011810363,-0.606170158206544,-1.33718155979639,0.145778476302959,0.249347871961141,-0.755801788381373,-2.56718888584306,0.334957175619498
1720,0.529091450840097,-0.00437870343323161,-0.791213280570309,0.0466744361018848,0.426510302746819,-0.591533461765957,-0.485711058382406,0.247655587110232,-0.250499587705585,0.439525765057537,-0.410427711285681,-1.95680763544105,0.451086088427506,0.372103747388164,-0.32103666011223,-2.55479897809285,-1.81258308083784
1721,0.107399295018546,-1.05910266765723,-0.668043655693638,0.786701002702783,0.891743251400915,0.176508388680674,-0.0848728991442047,0.253917422435396,-0.913102549708859,0.859651333538728,-0.227771365304361,-1.32709186316233,-0.0913129733658918,0.490256277486674,0.493151711921354,-2.16513637934881,-1.94922719241302
1722,-1.2721637305877,-1.19728850841908,0.13174566118261,0.654118546529313,0.893426844701231,1.2922297210386,0.110648765808651,0.409524030265718,-1.34002189085879,0.938524263881904,-0.0184852614670474,-0.200161775872761,-1.28740549743159,-0.276584331821512,0.46091372094774,-1.50537379165025,-1.77146137840527
1723,-2.06702754854222,-0.485341528130334,1.39404948779983,1.35355864695466,0.460743366519919,2.06764811661196,0.13356585453395,0.496563541285496,-1.34825298355449,0.700315292805135,0.419761853214586,0.84263804683574,-2.07978725219255,-0.926806859474025,-0.420795332180577,-1.05871761725526,-1.2578812336057
1724,-1.3675691957057,0.0336405215491035,2.06652902434136,2.41962982516582,-0.117851531022147,2.12202810798983,0.371453671240732,0.436449922163923,-0.692646450342552,0.119581539552557,0.587867919130259,0.924245887258288,-0.845772987423137,-1.21221426984185,-0.307245963973518,-0.82578735155135,0.93078329305855
1725,-0.329557735221884,0.380856604827014,1.64955622463883,2.50486140413448,-0.534260273967068,2.02575538251345,0.436221394386669,0.336260556961301,0.793751705621313,0.0763286422675897,0.574598795799953,1.00778264027264,1.47389881715298,-0.514423840461369,0.918782742747973,-0.405149983431795,2.7774587940695
1726,0.105763772759381,0.329520081816712,0.469759781792538,2.32560451185913,-0.677365704493961,2.24206690377209,0.245620576706116,-0.319353601583358,2.33543536752458,-0.177782129281594,0.744443574427874,0.96178549385266,2.4351558591271,0.176845183037055,1.52700617245014,0.128235545214651,1.5541217484351
1727,0.714995814298596,0.303308257126747,-0.774061207958431,2.31613433641817,-0.594869632778458,2.79231185356596,-0.0353129373302917,-1.34222440194888,2.31293704748969,-0.732436929759412,0.877043296535555,1.4006872974343,2.13607901459693,0.565444251185726,1.40557640644953,0.530907547096404,-1.05573680951523
1728,0.966593655166916,0.881417902132167,-1.42717073146414,1.91297543907435,-0.443346235749983,3.28052333171396,-0.349708212818363,-1.57704322664252,0.785109058290835,-0.793817879582932,0.825064937558907,0.802279260299497,1.06610582080366,0.702393774708998,0.5258374527696,0.784281160588154,-1.4033207747295
1729,1.92446452495162,1.40166826590951,-1.21025615800186,-0.117024310806175,-0.318199133759798,2.9804263422583,-0.667360620548578,-0.94334549173594,-1.03437398209207,-1.19708753956336,0.432756442958748,-0.866081753720762,-0.421221374785485,0.355224814516948,-0.473808917337186,0.85738161631438,-0.282536222926643
1730,2.201412960837,1.14800544632919,-0.428949677991864,-2.23360852186121,-0.149839803728159,1.90491095722929,-0.685169401153104,-0.486544604765234,-2.08795384714075,-0.845021677104107,-0.269225936812146,-1.26477314865783,-1.77813215900264,-0.0932177429023957,-0.858963359496935,0.772510748225456,0.691727514025855
1731,0.00845019833902268,1.02383145655369,0.187489897171211,-3.57296190565443,0.101576795785756,0.92083452066529,-0.421411987357641,-0.524115616716217,-2.40951520178582,0.54129728808099,-0.333009239992997,-0.735064075369652,-1.12325699942796,-0.897652339060107,-0.658729615560827,0.631885295260598,0.275149057118359
1732,-1.93073402694508,1.23159338497185,0.439004341247103,-4.63835664276267,0.367584537235745,0.150929651995527,-0.0485757923594523,-0.49249334832414,-2.34476393924637,0.593773229639958,0.1157616621575,-0.224347372216171,-0.508129840024316,-0.540125851878902,0.200323293911035,0.358687829368516,0.0386759013845769
1733,-2.40857911366466,0.689962869258454,0.711663150697981,-4.06473458748153,0.479262892823399,-0.599489053097164,0.433596942508107,-0.0222295154043318,-1.76145383687827,-0.438253621019744,0.554191799229896,-0.248087834884549,0.473323483117788,0.27083015016087,1.13406088247177,-0.120801600564526,0.203996431334167
1734,-0.650120098018357,0.0767330029230449,1.06446354080091,-2.76596766986387,0.259834566015496,-1.37964052199415,0.741970038239121,0.664380727999888,-0.437619761654336,-0.229940034831114,0.667574170307479,-0.306251968422075,0.98360186369189,0.153828456394488,0.632133273007597,-0.633743781423129,-1.04273745191212
1735,1.30323865351185,-0.46770592257856,1.23376632649573,-1.86021303304613,-0.111678355587654,-2.24448379227777,0.424036439236203,0.877596220821719,1.39050592605904,-0.110358495278557,0.530307377235345,0.338153215132708,-0.319487979753132,-0.152294007951651,-0.524583753120626,-0.989334133854093,-1.71465498810917
1736,0.891359631245295,-1.08422736597757,1.14445725875802,0.135964661688099,-0.221111920108219,-2.9804263422583,0.298718862034876,0.402636011408038,2.29812108063744,0.0184460885480008,0.451973793988847,0.598704792918156,-1.6552356395549,0.0237839508639857,-1.02982471165708,-1.20120155638265,-0.96363315117929
1737,0.812309388718954,-1.16636580279405,0.540142424579207,1.50440501290713,-0.0230091084376573,-3.19754349301884,0.655175665398112,-0.167191003181876,2.46329167406434,0.439843801066985,-0.31324282179061,0.494098379285616,-1.31361769213897,0.0341414778531408,-0.555747144395119,-1.33253457853485,0.171958912699198
1738,1.17266945982179,-0.804594305344986,-0.817828565657705,1.18918345894367,0.278354092318977,-2.88536206103476,0.614121739583466,-0.299315728542834,2.21196897708919,0.53748085596761,-1.3492410647037,-0.563094098915589,0.0680013084007171,0.354457590295529,-0.0920573742246507,-1.32881760620979,1.00740046361294
1739,-0.118302776746317,-0.661335208191532,-2.31493835182373,1.4408195492321,0.45849857545283,-2.34599310951647,0.314465573306247,0.278025488437277,1.627561395695,-0.661832935661892,-1.6969836071531,-1.74433049455907,1.5168696281487,0.288859919364214,-0.303484865026597,-1.12748160526891,1.86300092881559
1740,-0.361177832232421,-0.222317342589318,-2.8874627065926,1.55243233121486,0.43212228041454,-1.77480179267334,0.149781217926493,1.42863772943614,0.865499396952102,-1.23811418478219,-1.45356382743852,-1.71346789309018,1.89286422436119,-0.454963963301405,-0.91126054485413,-0.662240569248607,0.806668315410217
1741,-0.460944690041527,-0.0530578064288823,-2.35101684938664,0.984221804757136,0.390593645673402,-1.23865535916263,-0.206253798527689,2.21261951214666,-0.342687825897345,-0.423623964585123,-0.784800011591081,-0.0247791079101195,0.984461279911803,-0.781034257404435,-1.5248569730519,0.0185848616253117,-1.23661725355609
1742,-1.43598854354747,-0.806406182627702,-1.04982513400284,0.364601754477042,0.471406124088589,-0.680958336476234,-0.598562489160564,2.04261068306846,-1.58311349513826,0.139935844157248,-0.0813534526940848,1.19800309740302,-0.113872649138642,-0.901488460167202,-1.60079535178974,0.703746760211803,-1.45308704996813
1743,-0.0855923315630039,-1.18472615925891,0.402925843684188,0.0480273183077365,0.530893087366435,-0.222555149898326,-0.678045888911294,1.45180652013925,-1.79712190522627,0.994816637554252,0.459386200814742,1.40543538996797,-1.3815115735122,-0.323385009328064,-1.03519771015269,1.09155087279331,-0.090984590180799
1744,1.63961106481359,-0.686822281968412,1.02099190849149,-0.00135288220585173,0.191368438469296,0.0794803855462685,-0.457966852809038,0.767701010865093,-1.58091853708607,0.86505794569935,0.637924543003898,1.80724272063027,-2.22803655012776,0.472610120394039,-0.45930182139906,1.05809812186775,0.438342751738921
1745,1.15058990932306,0.423133741423733,0.534819367561728,-0.386924310873596,-0.622368323350292,0.615098124696368,-0.544011382256172,0.128680715932118,-1.54525046873807,0.0830073984660037,0.218162689789312,1.52710526114341,-0.833741160344337,0.706997120037512,-0.136205511863515,0.789237123688237,0.0184865469332749
1746,0.221885853160144,0.903281221343613,-0.370100325409733,-0.584445112927949,-1.52252954125279,1.35748571069205,-0.773088539084925,-0.0911097039811346,-1.74718660953907,-0.921986391390593,-0.161883304629737,0.202684200031277,1.49796247131058,0.926806859474025,-0.218949688695789,0.483825897645615,-0.45554403132281
1747,-0.87445923456725,1.06345117313575,-1.05618322988483,-1.00316215563906,-2.12469474499928,1.68255721470644,-0.567631449163228,0.217285685783187,-1.74060173538251,-1.35546947226861,-0.0718362883744168,-1.39831325116746,2.22330976091823,0.577336226617718,-0.362856498403001,0.15921031459017,-0.123199044516477
1748,-0.898719481411541,1.22193003946403,-1.16767170186203,-1.64036967459523,-2.27565694426099,1.37682081873751,-0.402103519965365,0.490927889492849,-0.99925465325711,-0.866330089737143,0.320014650248835,-1.87549655080186,1.39741077358061,-0.453429514858567,-0.106027170313216,-0.171600222340378,0.411049316564027
1749,0.893812914634044,0.835033843694624,-0.811766195165576,-1.70869022599074,-2.12076636063188,0.611774903001053,-0.37496856214952,0.342522392286465,0.4823420319676,0.326304945693946,0.694203928163473,-0.778835553414473,-0.302621936437314,-1.17155138610665,0.130563863443133,-0.545155941009143,0.523647425076644
1750,0.481661305324293,0.533779047488289,-0.0839860107202271,-1.08974661681357,-1.90414402265784,-0.490426959278211,-0.0741056166602836,-0.139325835984896,1.89644375708763,0.353656042506499,0.411525845630258,-0.0678086964965545,-2.606609395,-0.797529578164941,0.290141918762518,-0.85924010247691,0.682748328125931
1751,-0.817488542539645,0.56675521403373,1.02261839813572,-0.362572431168264,-1.72399953952398,-1.25839328195904,0.187367118044467,-0.821239702895244,2.30415721528095,-0.259835419719253,-0.196566047679296,-0.683131813282575,-2.6186412220788,-0.520178022122011,0.358558099606519,-1.02774284787974,0.560081735692019
1752,-0.53181732127204,0.424341659612211,1.88436218418763,0.376101253226782,-1.38166890179298,-1.49041457850462,0.253259606281216,-1.54667332531548,1.83498493162646,-0.401043407914294,-0.564807097894141,-0.834774018576839,-0.802694749399934,-0.265843192721647,0.40960158531474,-1.05871761725526,-0.542484055944183
1753,-0.751795065129824,-0.144587807160779,1.99910363545329,1.16009649151786,-0.64818342062181,-1.64791514612498,0.449718575476415,-1.96026754854255,0.936012424378537,-0.486913130465332,-0.386085733314222,0.38192469317753,1.72484835336795,0.203314418676007,0.482943014779709,-0.900126798052597,-1.13303082933741
1754,-0.286216395353994,-0.420234737771387,1.83172306479256,1.83044962451739,0.304730387357267,-1.5012905767802,0.591251516070285,-1.81217514310243,-0.351330473227823,-0.405177876037122,0.403564371632074,1.35558041836438,2.5644980002242,0.593447935267515,1.06528650172806,-0.656045615373503,-0.456123786623319
1755,0.485750110972207,-0.23276583491965,2.22917798876434,3.00136917368207,1.14091505984774,-0.806334427708549,0.593126124554972,-1.35380879730043,-1.40093197680692,0.753427306383,0.874480983064875,0.917272126349452,1.21564424306874,1.00621456639088,1.70252412330648,-0.385945626418973,-0.0464850608451257
1756,1.3392201432135,-0.456593075244565,2.6378704775508,3.42549774521659,1.72905031942493,-0.137964052199415,0.54719821668014,-0.979037953089374,-1.3317907981631,1.30394763873799,0.228228921281268,-0.304026300046915,-0.575164305177629,0.352923141852692,1.55852776362434,-0.00309747693755195,0.447796173462514
1757,0.85537814154365,-0.766303298770243,2.03695648535537,2.66788370993962,2.04556585988441,0.101811428301904,0.648052153156301,-0.829066997051699,-0.323481942940729,1.25433402126406,-1.06702053814739,-0.450475279132471,-2.20569172840999,0.199094685458203,0.98755712349168,0.42869080815719,1.50485017097191
1758,0.227882768110418,-1.10548672609478,0.665529989879828,1.68298546407956,2.2391790894208,0.168880084334612,0.576629569889726,-0.662189085636081,1.03204183916162,0.497090282767678,-1.37047166203219,0.0599446682376543,-2.93619551533712,0.0866963370203351,0.475779016785573,0.975705235328864,2.16073917827253
1759,0.0725081534896784,-1.31276548723755,-0.926064058346448,0.660882957558572,2.51809437950655,0.39073030841878,0.209768689436477,-0.285852782593731,1.33233953767615,-0.55052033235499,-0.69914553271407,0.360855032559345,-0.85425972259479,-0.7633881003118,0.402974887170164,1.68316896786573,1.11481527888869
1760,-0.779326356492446,-0.459129703440368,-2.33445622755448,-0.767760651820859,2.82787554676476,0.788006356540452,-0.274723873430882,0.109582118190368,0.306608202914558,0.16919515702649,0.316903269605867,0.166034860786968,2.60188260579047,-1.08715672175057,0.890126750771428,2.23204188119993,-0.773293267193721
1761,-1.64915161132539,0.328312163628235,-2.89456011594924,-1.82436165459106,2.96873618622457,1.24912854268725,-0.508768742744056,0.517540689624795,-0.888272086743519,0.65483614345403,1.33313509431657,-0.0117218534425116,2.8983812016609,-0.472993732504749,1.18026866953395,2.35717994947703,-1.99991626155558
1762,-1.24435985218189,0.207399552961618,-2.69938135864167,-1.71139599040244,2.93899270458564,1.57621412045638,-0.354910251363369,0.768640286163867,-1.20722692870162,-0.009859116292897,1.0487182990711,-0.317677066081232,0.147819589825255,0.369034850502488,1.00260151927937,2.15088798543607,-1.30208185795945
1763,-0.426326135555854,-0.527377081089357,-2.358705709523,-1.49290551415739,2.63426231722838,1.61609278080015,-0.0755467219328868,0.787425792139359,-0.684003803012075,0.229621998821666,-0.0431932842200315,-0.362932323042828,-2.11287477665925,0.487954604822417,0.10593762033829,1.71971919572884,0.409016762686948
1764,-0.444862054493065,-0.764491421487527,-1.51884560232073,-1.47802380989302,1.99225207204106,1.50008213252736,-0.137736858412379,0.73513946717424,0.112354415296207,0.0531120135778645,-0.512096649354442,-0.574519196574746,-1.2551773891848,0.804050984047002,-0.892634150069376,1.10641876209356,1.2398614759505
1765,-0.774419789714949,-0.17025606866593,-0.146531930675608,-0.85434511299537,1.31881475191451,1.43039518061349,-0.849572565260156,0.790243618035683,0.332398960027729,-0.341252638138015,-0.283959239268555,-0.559829785298687,-0.56152107268649,0.885376751517405,-0.999735920081713,0.337624986193163,0.662137124459671
1766,0.0714178053169013,0.897724797676615,0.65591891470938,-0.582415789619171,0.784554477947438,1.58225634172058,-1.36696450703377,0.898886460927276,0.0626934893655271,0.541615324090438,-0.00677182845822528,0.0421393212363708,-0.284789049874093,0.751112512769098,-0.411661234738054,-0.57117474728458,-0.0334637166742207
1767,0.90498898340501,1.94619778527525,0.681055572847476,-0.41398195499063,0.249733006213598,2.02333849400776,-1.02766037130542,0.900138827992309,0.100419330887453,0.715262985249205,0.206815301562015,0.615768250461053,0.537242564473912,0.284256574035701,0.197009944838747,-1.18695316246991,0.0853611242517586
1768,0.839022918951993,2.36268797666235,0.557146634496155,0.071026315807216,-0.414725149644604,2.2618048265685,-0.212908658648328,0.569827014589914,0.309077530723266,1.01771523023453,0.552453086517649,0.937896653292606,1.24443468643587,-0.919901841481255,-0.0029551491725812,-1.21297196874534,-0.0972593881201136
1769,0.577884531571873,1.7915842571501,0.642315546775822,0.320633082786861,-1.12576272014489,1.83401556106258,0.355753825181479,-0.285539690827473,0.382608625471456,0.467512933888987,1.03517464215465,0.97024303367827,0.918286230978404,-0.446140884755087,-0.489211513024579,-0.965793309128698,-0.649347200951281
1770,1.5057708266052,0.810633896287374,1.10320356687256,0.283428822125938,-1.55900739609298,0.715801812433167,0.6756088978812,-1.36727174324953,0.394680894758472,-1.31825925916316,0.612392919492481,1.40009378586759,-0.0313686920268711,-0.018029769203344,-0.82923276782127,-0.73100455726226,-0.444834406245658
1771,2.16679440635133,-0.362254664724458,1.21779715544329,0.462009273298367,-1.37549572635849,-0.496469180542419,0.812455317263353,-2.30748631732289,0.236369545244646,-1.72725356731366,-0.322119407742608,1.15897971189187,-1.91134167308935,0.00959030276773619,-0.92594674074211,-0.673391486223794,-0.222687381129308
1772,0.75915491529607,-1.32387833457154,0.675436790440137,0.69064636608731,-0.851898209960093,-1.06504220150439,0.572317970374946,-2.80780695980349,0.0314153371218943,-0.177464093272146,-1.18781531605087,-0.377028222752177,-1.45327282787504,0.540893076100321,-0.603119081131345,-1.03022082942978,0.525921911442447
1773,-0.598873733897833,-1.57077681229638,0.341562825288248,0.499889975062215,-0.361411361801252,-1.09404486357258,0.25368139319027,-2.54073968318525,-0.139242651435471,0.12657833176042,-1.4147630805968,-1.23391054718894,1.64234439625618,1.11439318161094,-0.428227980099494,-1.66086713391536,0.565695532345805
1774,-1.67123116182413,-1.05861950038184,0.431167618415814,-0.0547917293369952,0.0376002503737327,-1.25436513444957,0.0847791687199703,-1.45556362133435,-0.370536356184439,0.289412768597944,-1.22002725682513,-1.45350982687144,2.9164289422791,0.97821088230909,-0.814904771832997,-1.97680978154565,-0.125189751696086
1775,-1.6153508179693,-0.390519950334835,-0.177287371221043,0.0142052631614432,0.315954342692709,-1.66966714267613,-0.178087806045267,0.0475899484712455,-0.681260105446844,0.212766090320906,-1.35619591555268,-1.01609180220658,0.701713343560006,0.166104043937191,-0.959975731214256,-1.64104328151502,-0.0214369397122283
1776,-1.36239004188501,-0.214012905043534,-1.4407740993977,0.714321804689715,0.420898325079098,-1.62495470532099,-0.101603779870036,1.08204514418832,-0.756025864099387,-0.041662717237726,-0.997105984875982,-0.0691440975216507,-1.30201557317013,-0.433098072990966,-0.446048425109908,-0.923048127390481,-0.292699714498568
1777,-1.89148149272511,-0.276371681523694,-1.66434249413183,0.738673684395046,0.407990776443339,-0.951851256488223,0.26961556531011,1.35349570553417,-0.0994590367396218,0.618262002367476,0.121984423443436,-0.106683704116023,-1.37377682753297,-0.959797500995038,0.323633609385105,-0.205052973265939,-1.11375807804658
1778,-1.45070824387996,0.0769443886060285,-0.45660000194377,0.508683709400252,0.240753841945244,-0.205485874826938,0.250916345675357,1.48718588972642,0.890467044795704,0.653563999416236,1.47662464867464,-0.505968610619805,-0.618887105365768,-0.213288333554453,0.676102310696608,0.408866955756857,-1.32799070106371
1779,1.17185169869221,0.812687357207786,1.2864054458908,0.321985964992712,-0.124024706456641,0.305333581217974,0.0373164251483009,1.93490711547564,1.10351516073589,-0.645295063170581,1.8294918180654,0.57318379554965,0.658420251481825,0.267377641164485,0.499062010266516,0.704366255599313,-1.3173079573742
1780,1.82633318940168,0.612052146101643,2.62781581429556,0.342279198080488,-0.489364452625297,0.753968510085414,-0.0293024738762639,2.66754184851982,0.486457578315447,-0.98018698111963,1.35473173642658,1.75204614492629,1.01110318272915,0.276967943932221,0.268739474755036,0.706224741761845,-0.176417371385271
1781,0.451949317616116,0.144889786707898,2.81175700678845,0.986251128065913,-0.807002388618323,1.09404486357258,0.309779052094529,3.15095553562247,0.0473287830002338,-0.531120135778645,0.697132286415678,1.39890676273417,0.0225596757727497,0.571582044957077,0.408437435640692,0.633743781423129,1.12809027101875
1782,-0.266317541200811,-0.0497964273199926,1.76193187278561,0.787377443805709,-1.10050882064015,0.824964609939857,0.309825917306647,2.6324755706989,0.219770174974999,-0.443660233180365,0.0564624075503378,-0.0593511566709448,-0.599227959335229,0.605339910699508,0.646819468895576,0.522854107058769,1.6618426905581
1783,0.145016306979357,-0.151352149016254,0.134259326996419,-0.104848370953509,-1.28626528144172,0.0350952351762744,-0.112898295990276,1.48969062385649,0.79443763001262,0.00477054014172435,-0.105786941860925,-1.12099497162247,0.124937632970038,0.14577260206959,0.765831385573164,0.420637368119555,1.47048452356029
1784,0.439682900672373,-0.183241189192065,-1.37334871050963,-0.805641353584707,-1.26493976630438,-0.640576157693778,0.180149875378422,0.781790140346711,1.17869247402321,0.388958039555259,0.0763203369481065,-0.691737730999862,0.692796900278396,-0.186435485804791,0.737533593496326,0.272577970504572,0.504332947452768
1785,0.133022477078809,-0.133172980279665,-2.11443653749868,-1.18580125342904,-1.01969634222496,-1.05618027698355,0.634929893763492,0.590804162929213,0.78908741976042,0.361924978752154,0.616876968066171,-0.220934680707592,-0.272864649822783,-0.286174634589248,0.632401922932377,0.0576130710384663,-0.659282080363878
1786,-0.0725081534896784,-0.148453145363907,-1.83763757258976,-0.950399749610842,-0.552779800270548,-1.28457624077061,0.728660317997843,0.143082937179995,-0.131560298252824,0.0795090023620726,0.526372395833943,0.27390558803641,-1.22466811337784,-0.508669658800727,0.14883205832818,-0.123279582114568,-1.73042232620931
1787,0.506466726254972,-0.305240926228311,-1.26984482405865,-0.166404511319763,0.0920364337506293,-1.27611713100072,0.689668461516353,-0.554485518043262,-1.38446979141554,-0.0629711298707615,-0.134612968406073,-0.213812541907079,-0.551960067239944,-0.136949523523273,-0.136384611813369,-0.275675447442124,-1.57850396945048
1788,1.09225628207948,-0.346310144636552,-1.10542150729651,0.229989974994795,0.692518044196808,-1.28256216701587,0.481961841413032,-1.19037489531366,-2.04515216512315,-0.486277058446436,-0.603150288758957,-1.14547732374924,0.486751861553948,-0.0164953207605062,0.206233592256197,-0.455329109820137,-0.142302924522887
1789,1.17757602659929,-0.226605452158414,-1.1250872457222,-0.273958646684976,1.0892848653047,-1.56856064018838,0.10900848338455,-1.91737397656518,-1.78285467788707,-1.26673742563254,-1.19074367430307,-0.319605978673038,1.18427555104187,-0.505217149804342,0.619327626593078,-0.594715572009974,-0.149377423683638
1790,1.00720912460286,-0.0400122899933233,-1.01670389033852,-0.301016290802011,1.23800227349932,-1.86382385263267,-0.357206646757111,-2.4684154851796,-1.11298091733593,-1.01167254605501,-1.59705338179659,0.316935176622845,0.709985224676681,0.563526190632178,0.557269493968873,-0.490640346908229,-0.317044983636321
1791,0.578157118615068,0.242368784518047,-0.680611984762686,-0.369336842197523,1.21499316506166,-1.70511484075948,-0.555259033164294,-2.62746610243877,-0.0574804639915883,-0.612537354197407,-1.14498807661236,-0.360261520992635,-0.213994638758655,0.759935591315415,0.201218793660302,-0.0563740802634455,0.284288407942825
1792,0.222703614289727,0.362375456543305,-0.250035817126592,-1.01533809549173,1.05392940599806,-1.2503369869401,-0.525265297409302,-2.55889900562822,1.09116852169235,0.896225474625282,-0.106885076205502,0.783138512273117,-0.227208163139837,0.441537539426574,0.088027625352949,0.490640346908229,0.713937558434349
1793,0.277221022928583,0.112970548577375,-0.160726749388885,-1.04239573960876,0.772208127078451,-1.18508099728665,-0.432472177417295,-2.26897603007313,1.97162107037496,1.88150103189608,0.451333215621177,2.44704818954306,-0.556257148339515,-0.0441153927315865,0.302052065427769,0.836318773139026,1.61966619457187
1794,-0.714995814298596,-0.303308257126747,-0.098180829433505,-0.455244862269108,0.364217350635112,-1.43684021662865,-0.597250263221283,-1.77804814058029,1.97765720501847,0.474191690087401,0.398897300667622,1.24696780165655,-0.674319451550239,-0.512889392018531,0.34494650341766,0.927384595103054,1.67187346029376
1795,-1.80888761863724,-1.00885327101656,0.378972087105532,-0.704175188145827,-0.0617317543449343,-1.26201861471756,-1.01866225057892,-1.19538436357379,1.14960927983177,-0.940432479938594,0.435501778820191,0.0270047762852799,0.274046347125165,-0.878471733524635,-0.00474614867111526,0.897648816502555,0.439255916489065
1796,-1.43680630467705,-1.08519370052835,0.701017036663023,-1.09245238122527,-0.522475120864853,-0.372704348313893,-1.31016386994776,-0.14214366188122,0.140614500218086,-1.59304237132649,0.599581352139082,-1.03478741655792,1.09790422094049,-0.69472153249481,0.00143279959882725,0.954022896766,-0.77379157590184
1797,-0.395796386718094,-0.411416934995499,0.938928112805356,-0.41398195499063,-0.842357847924967,0.855578531011844,-1.13582528087186,1.0926902642411,-0.7074624171948,-1.22730096046095,0.610105139607945,-1.10556367088802,0.548522402360287,-0.122755875427023,0.502823109213437,1.0909313774058,-1.83706520432369
1798,0.0924070076428609,0.385567485762077,1.26038161158313,0.502595739473919,-0.846286232292372,1.63260818558898,-0.657425195579737,1.45712908016564,-1.06578931921396,0.274465076153874,0.610837229170997,-0.619922831428019,-0.392753212500824,0.403176328355629,0.531658201139836,0.998626564666749,-1.80718674257358
1799,0.00899537242541124,0.420113945952539,0.961107517044853,0.907107519023587,-0.789605257848387,1.65274892313634,-0.568568753405572,0.998136550831124,-0.986222089822264,1.28963601831282,0.530398888430726,0.0062318714504492,0.310141828361564,1.1408624172499,-0.28736586953979,0.614539424410307,-0.519585527040413
1800,-0.895721023936404,-0.0198702542004579,-0.0152298575777877,0.386924310873596,-0.711037570500289,1.5012905767802,-0.54007470443833,0.562938995732233,-0.535158210098296,0.519670839438506,0.478420529454078,0.246752433859453,0.314653763516114,0.961715561548585,-0.8886939511726,0.194521551678262,0.461704683668357
1801,-1.26398611929188,0.00570741344055706,-0.84355667457552,-0.259076942420607,-0.500027210193968,1.59998019076226,-0.127285916110248,0.514722863728472,-0.0356680683480023,-1.01262665408336,1.04505785125585,1.31700216652827,-1.55167598505523,-0.0337578657424314,-0.522524103697312,-0.112128665139381,0.688100933983433
1802,-0.105763772759381,0.426515912351471,-0.946321247551855,-0.357160902344858,-0.236264259811067,1.84126622657963,0.357300377181345,0.7908698015682,0.366283624958331,-0.348249430345878,1.34118807951013,1.30988002772775,-1.55855131481454,-0.382844886488029,0.088654475177436,-0.266383016629468,0.258834823204985
1803,1.2912448236113,0.387258571225946,-0.408248900701667,0.229313533891869,0.0415286347411376,2.00078086795472,0.85032240865403,1.00846857911764,0.62323090194221,0.750246946288517,1.04395971691127,1.00615048346419,0.436153731606495,-0.931410204802538,-0.0553418845047025,-0.310367189142705,0.235220928418304
1804,1.01702225815786,0.113151736305647,0.0439152203942033,0.64803057660298,0.283966069986698,2.09503951967636,1.15757073929423,0.873212936094104,0.393446230854118,1.70467301064284,0.326237411534772,-0.239778672950617,1.81036026724942,-1.0150376449372,-0.892634150069376,-0.154873846877597,0.575526497140525
1805,0.00845019833902268,-0.155942238132469,0.32884663352427,0.320633082786861,0.308097573957899,2.1260562554993,1.03890802221354,0.566069913394815,-0.221553578392399,2.03161402835568,-1.22441979420344,-1.1149114780637,0.802694749399934,0.0767224221418895,-1.4725597876947,0.185848616253117,0.274811635521315
1806,-1.05845548872339,-0.440890138794355,0.996298838438187,-0.111612781982768,-0.09484242258449,1.78769186470365,0.905435898103829,0.236697375291195,-0.451612619237014,1.50367425267152,-2.36391719909291,-0.172860243804127,-1.47991473069238,0.273515434935836,-0.669475612552032,0.361785306306068,0.677057097027163
1807,-1.5392990329181,-0.584149235947808,1.69864663935558,-0.299663408596159,-0.677365704493961,1.15285581721087,0.939553772525133,0.0372579201847251,-0.0714733215742662,0.432528972849675,-2.44993772275145,0.801982504516142,-1.33123572464721,0.357910099291914,0.6073279299529,0.268860998179509,1.38200784648151
1808,-1.89502512428663,-0.607220473347732,1.75306011108981,-0.232695739406498,-1.07749971220249,0.584383499936644,1.03478388354723,0.0651230873817044,0.444341820689152,-0.980505017129079,-1.53299554502959,0.759249671713062,0.482347353426887,0.404327164687758,0.911976944653544,0.208150450203491,1.1124721848022
1809,-0.820487000014782,-0.244029672027204,1.52239430699905,-0.283428822125938,-1.17963770575502,0.305434284905711,1.1823155712921,0.245777036512683,0.361070599584393,-0.835798632830107,-0.704544693241573,0.426586438572416,1.1498989022453,0.280036840817897,0.0752219789384305,0.346917417005818,-0.683057263476375
1810,0.709816660477905,0.59816108693415,1.68031166518426,-1.24668095269237,-1.17065854148666,0.318022245872811,1.25505038049796,0.569513922823656,-0.446536778741337,-0.525077451599127,-0.165269218858849,-0.121076359608727,0.201318249514919,0.360595384066881,-0.882962752777292,0.648611670723378,-2.09610950174486
1811,1.07562847244463,1.21758153398551,2.10674767736232,-2.17205238149496,-1.29580564347685,0.354074166082585,0.933180103677197,0.708839758808552,-1.52110593016404,-0.0168559085007594,0.396792543173849,-0.516503440928897,-0.993485150220903,0.0237839508639857,-0.91126054485413,0.910658219640273,-1.27142824933004
1812,1.32450044288101,2.00562736014835,2.23864120123986,-1.79256892275355,-1.4276871186683,0.203622856603807,0.0336257896940734,0.330624905168653,-1.90961350540074,-0.105905991146281,1.07104703074417,-0.950805529868536,-1.32564951921777,0.267377641164485,-0.446137975084834,0.846230699339193,-0.0374716433035135
1813,1.45234376613912,2.63567748725831,1.68326891908286,-0.493125564032957,-1.40860639459805,0.0280963288785669,-1.00872682561008,-0.68316623397538,-1.50244878672047,-0.235028610982286,1.1255877031915,-1.91170075637113,-0.445392455970574,0.0429645563994581,0.221277988043883,0.546394931784164,-0.651107330019331
1814,0.483024240540264,2.68592688389898,0.619101103671815,0.785348120496931,-1.45350221593982,-0.174720898223346,-1.40145730315201,-1.66095181999972,-0.612942036072593,0.422351820547329,0.502396462644011,-1.35795446463122,0.256965449754369,-0.532069997554004,-0.197278594763527,0.491259842295739,-0.489839867369526
1815,0.257867342861789,2.00611052742374,-0.819307192607005,1.48411177981935,-1.72007115515658,-0.610465755060475,-1.46331938314668,-1.67097075651998,0.625563044872656,-0.0159018004724145,-0.237380040819411,0.345572109716576,0.122251957282806,-0.732699131455045,-1.52843897204897,0.688259375524043,1.8403330983878
1816,-0.228973116283195,0.402357548581917,-2.26525648632725,1.81015639142962,-1.96755937030309,-1.20280484632833,-1.79662477172404,-1.03946466397721,1.55293282192072,-0.0620170218424166,-0.272245806259733,1.20824117192876,1.16923576719337,-0.655976709313155,-1.25369964897384,0.618256396735369,3.67306678836942
1817,0.104128250500215,-1.45143449527479,-2.91289509012055,1.64916340893326,-1.87889012315309,-1.81387482351522,-1.87460848468702,-0.671581838623827,1.41080928804175,-0.073466318182555,0.523993104754026,0.675712918698707,1.12755408052753,-0.0629123861563494,-0.0673415811448807,0.0433646771257273,2.76086615724746
1818,1.1007064804185,-2.71443375314705,-2.36876037277824,1.11815714313646,-1.37437333082495,-2.39795621238866,-1.34971810897465,-0.849417961858481,0.97607040883091,-0.653245963406788,1.1255877031915,-0.187104521405154,0.121714822145359,0.169172940822866,0.975736526801356,-0.65170914766093,-0.0428014280665563
1819,0.626950199346844,-2.58011325058833,-1.05337383868116,0.411276190578927,-0.670070133525923,-2.84508058594004,-0.817516760172008,-1.24203503674626,0.686610315699044,-0.0159018004724145,0.721840309168662,-0.148971403244072,-0.779597938489738,0.238223120750567,1.06313730232982,-1.08349743275567,-2.46054127635634
1820,-0.190810930235996,-2.16265672465045,-0.416824937007606,-0.315221553963454,0.111117157820882,-2.99412204379051,-0.423474056690797,-1.15123842453138,0.422392240167304,0.112584747344695,0.119605132363519,0.155648408369553,-1.3063126542697,0.505600761915052,0.651476067591764,-1.18261669475733,-2.83152809740361
1821,-0.45603812326403,-1.74181802778482,-1.02483633855967,-0.337544110360007,0.85638779209427,-2.4700600528082,0.179071975499727,-0.571705565187463,0.0547367664263574,0.0391184291621397,-0.348200098426313,0.494543512960648,-1.26592009193373,0.783335930068692,-0.263366476259434,-1.23713228885825,-1.20687881575054
1822,-0.835751874433662,-0.96077812711515,-1.80451632892544,0.125818045144211,1.30815199434584,-1.47269072946295,0.760528662237522,0.144961487777544,-0.358326902019162,-0.324714765646704,-0.345271740174108,0.398394639153717,-0.025675059569939,0.571582044957077,-0.952095333420707,-1.36908480639796,0.0169081400577917
1823,-0.086682679735781,0.0719315281238461,-2.18363627872591,-0.0547917293369952,1.48380689534551,-0.581463092992277,0.906185741497704,0.902017378589858,-0.528984890576527,-1.42702757439448,-0.234634704957968,-1.41018348250165,1.14474240492582,-0.288092695142795,-0.749354190186651,-1.1863336670824,0.567929496022784
1824,1.05354892194589,0.934203926968642,-2.25342747073285,-0.634501754544463,1.64879903877652,-0.0163139974133614,1.01078889494324,1.35756589849553,-0.653137205403227,-0.811945932121485,0.122625001811106,-1.38881706610011,1.32951689220739,-0.456498411744242,-0.338588455197864,-0.691976347849106,0.288979892150376
1825,0.881273910647107,0.607220473347732,-2.19901399899862,-0.95242907291962,1.9007768360572,0.422552673743608,1.09627104184497,1.17409412346823,-1.11997734612727,0.338708350062429,0.394413252093932,-0.771861792505637,0.264055633568661,-0.540893076100321,0.11489261783096,-0.284967878254779,0.467214966919007
1826,0.440228074758762,0.139484352814461,-2.12981425777139,-1.43540802040869,2.06969736385562,0.940169628710755,0.973859107794905,0.482474411803878,-1.62097652153844,0.5301660277503,0.317909892755062,-0.396168970778557,-1.56456722835394,-0.575034553953462,0.312798062418974,-0.256471090429301,1.31979709362635
1827,-0.438865139542791,-0.602268008774974,-1.41770751898862,-1.31973659180837,2.08877808792587,1.34701252716742,0.863819589743777,-0.123984339438245,-1.34496054647621,0.269376500002702,0.351586012655426,0.463532533600079,-1.40471581144988,-0.205616091340264,0.696340605030043,-0.501171768495906,1.59035063710316
1828,-0.779326356492446,-1.03349480206151,0.104982513400284,-0.404511779549668,2.01862836707935,1.61689841030204,0.761091044782929,0.10238100756643,-0.52925926033305,-0.0432528972849675,0.435044222843284,0.285924197262277,0.00612334056688922,0.545112809318125,1.17489567103834,-0.61887589212288,0.349490617905669
1829,-0.350546937547844,-0.495004873638155,1.65133057697799,-0.197520802054353,1.83567789511164,1.95606843059958,0.331196454032079,1.21291750248424,0.397013037688918,0.168241048998146,0.357534240355219,0.485640839460006,1.5168696281487,0.768375057751023,0.766189585472871,-0.496215805395822,-0.596680143136396
1830,0.406427281402671,-0.0552622571228541,2.67454042589343,-0.231342857200646,1.61175998616956,2.03381167753239,-0.0603858258129805,2.15250589302509,0.621447498524809,0.834208452782865,-0.337310266175924,0.730761116511008,1.49366539021101,0.505984374025761,-0.0679684309693676,-0.312225675305237,-0.786259323973339
1831,0.426053548512659,0.401995173125374,3.15124975434768,0.0737320802189194,1.40636160353096,1.74982727811462,-0.33499253621357,2.13622512117966,0.295907782410158,0.509493687136161,-1.68563621892581,0.156687053611294,0.185096768364037,0.233236163311344,-0.584492686346591,-0.188946093190669,-0.732042774829343
1832,-0.618500001007821,0.738158804978713,3.04183136009949,-0.370689724403375,1.17514812362084,1.56372686317701,-0.872817710470275,1.63371283633526,0.509367452985125,-0.641478631057201,-2.32365227312509,-0.582828358508678,-0.826328695447576,-0.311876646006781,-0.401362987621483,-0.00309747693755195,-0.748738122625037
1833,-0.878548040215164,0.765336964219461,2.52017177238653,-0.867873935053887,0.920364337506293,1.48195546873473,-1.34634381370222,1.11554596317795,1.54415298971198,-0.615081642272993,-1.91551234172394,-0.701530671850568,-0.0606962705314457,0.0333742536317219,0.108086819736531,0.297357786004987,-1.71149622445456
1834,-0.119393124919095,1.02673046020603,1.83231451557228,-1.02751403534439,0.462426959820235,1.3067310520727,-1.18981400523085,0.673460389221376,2.15544880724543,-0.803040923856933,-1.20831382381631,-0.287556354070728,0.250949536214969,-0.0920669065702674,0.23847158322981,0.407627964981837,-1.13551354615371
1835,-0.60568840997769,1.5045828955678,1.18704171489786,-0.474185213151032,-0.119535124322464,0.868468603042154,-0.425723586872421,0.623991890152581,1.53427567847715,-0.428076468717399,-0.306470993332385,-0.692627998349926,-0.233761211816683,-0.449977005862182,0.0111041968909112,0.376653195606317,1.43767157719571
1836,-1.13178140334265,1.96552447629089,0.638471116707642,0.311839348448824,-0.649867013922127,0.233028333422953,0.188585613559514,0.448973592814251,0.15158929047901,0.601088057857268,1.71016121928803,-0.35491991689225,0.111938962643834,-0.615313825577954,-0.201129243685375,0.534005024033956,1.47323605425295
1837,-1.02710797875605,1.75051503874186,-0.239981153871353,0.537770676826064,-1.00622759582243,-0.520436658223777,0.407914806267895,-0.428935719773726,-0.99925465325711,1.09531601653991,3.27097616771357,0.557455739031849,0.859093938831808,-0.348319796524178,-0.191189196468511,0.898887807277576,-0.42943217355968
1838,-0.305024901334399,0.706752932078293,-1.11961632600979,0.451186215651553,-1.27784731494014,-1.50854124229725,0.710664076544848,-1.39357145161522,-1.12711095979687,1.8039002455907,3.15237765849925,0.617252029377826,1.12239758320804,0.0843946643560784,-0.331872207078361,1.29164788295916,-0.767136225780842
1839,0.860557295364342,-0.130002195034911,-1.37453161206907,0.172492481246096,-1.47651132437747,-2.4998683443783,1.04228231748598,-1.80121693128339,-0.771802125099465,1.23175346459323,1.7211425627338,-0.0734470563802942,0.38286992597181,0.0809421553596934,-0.607954779777387,1.52705613021311,1.03699887747394
1840,0.338553107647296,-0.691895538360018,-1.17255117079472,0.662235839764423,-1.32218193851514,-3.00741493057176,0.98604406294537,-1.76677683699499,-0.352565137132177,0.380053031290707,0.114663527812923,-1.30988002772775,-1.97837613824266,0.272748210714417,-0.438347127266211,1.25014169199597,1.74991133224545
1841,-1.28879154022256,-1.26589826152461,-0.78751671319706,0.63991328336787,-0.86424456082908,-2.72786149341441,0.70747724212088,-1.54385549941916,-0.0750401284090664,0.0108132243212419,-1.35290151251895,-1.25883803299074,-2.03423819253709,0.299601058464078,0.639028621076953,0.421876358894576,0.61320256737879
1842,-1.01102534320758,-1.90029689411309,-0.450241906061781,0.190079949922168,-0.255344983881319,-1.75063290761651,0.496583787593591,-1.16219663635042,-0.081213447930836,-0.128168511807661,-1.62633696431864,-0.125676074250726,-0.325074185182575,0.319932500331679,0.78983077885352,-0.427451817382169,-1.23413574038402
1843,0.451404143529727,-2.04234807307807,-0.204494107088159,0.370689724403375,0.425387907213275,-0.686698446677232,0.352520125545393,-0.736391834239273,-0.223062612053276,0.0149476924440696,-1.45868845437988,0.765926676838543,1.47647706581273,0.337578657424314,-0.0408347885665766,-0.862957074801973,-2.60271934285188
1844,0.636218158815449,-1.52149375020649,0.107644041909024,0.41398195499063,0.953475005745849,-0.105612992513968,0.0676265010850841,-0.365691182989571,-0.105357986504868,-0.0989091989384183,-1.32435001955995,0.533715276363471,1.96720372738378,-0.349087020745597,-0.489659262899212,-1.05995660803028,-1.75891017766767
1845,1.03119678440396,-0.691895538360018,0.332691063592449,0.593915288368911,1.26830695290501,0.126458655875485,-0.63811672818746,0.033813910755885,0.273683832131787,0.0362561050771051,-1.02675561217956,-0.041397431777984,1.23197315124711,-0.400491043580663,-0.229606135712067,-1.10146279899347,0.441364701166902
1846,0.981313355499408,0.355852698325526,0.0841338734151571,0.364601754477042,1.41702436109963,0.476328442995059,-1.23274253953018,0.293993168516445,0.584681951150715,-0.18605106552725,-0.740874637807998,0.0431779664781124,-0.204003925202151,-0.240524793414824,0.179995449602673,-0.885258908752347,1.75208029913441
1847,0.420056633562385,0.862332794754219,-0.574594432497892,-0.249606766979645,1.35753739782178,0.97964547430358,-0.997479174701961,-0.0272389836644629,0.779210108525589,-0.600451985838372,-0.454170062678001,-0.544843618239274,-0.799471938575255,-0.577336226617718,0.48562951402751,-0.655426119985993,1.77557061978092
1848,0.13629352159714,0.562769084011753,-1.10202066531312,-0.875314787186071,1.08591767870407,1.44610495590043,-0.166324637803856,-0.683479325741638,0.528847705698265,-0.74770265821293,-0.00393498140140118,-1.0644629948934,-1.23584052423673,-0.641399449106196,0.0809531773337395,-0.561262821084413,0.658150253579978
1849,0.97449867941955,0.203443620894354,-1.47685259696061,-1.41511478732091,0.457376179919286,1.86221259362889,0.310013378155115,-0.979351044855632,-0.104534877235299,-0.872054737907212,0.593450102048526,-0.597814525568092,-0.692259765140949,-0.259321786839587,-0.642879269998801,-0.536483005583998,-0.678464157123277
1850,0.51273622824844,0.464806918926213,-1.72999353068074,-1.24803383489822,-0.313148353858849,2.1756024698658,0.655738047943518,-0.888554432640756,-0.361619339097439,-1.16560197462798,2.01580861186198,0.115586377616665,1.12411641564787,-0.338345881645733,-0.654073016864639,-0.42869080815719,-1.73522205815394
1851,-0.77005839702384,0.613984815203207,-1.5685274678172,-1.30620776974985,-0.873223725097434,2.34840999802215,1.07190113154404,-0.779911589749162,-0.288499798984034,-1.29949513460571,2.94922280475249,0.154609763127811,1.29857790829047,-0.369034850502488,-0.0996691220934205,-0.291162832129883,-1.91199606932234
1852,-1.13505244786098,-0.0128945266619993,-1.0397704707476,-0.903048872406032,-1.23575748243223,2.35082688652783,1.00404030439837,-0.849104870092223,-0.175871013931304,-0.66787561984141,2.45250003622213,0.515316417795478,0.326363309512446,0.0218658903104385,0.21241254052614,-0.389662598744035,0.382715170472877
1853,-0.989490966795236,-1.01416811104586,-0.170042099169474,-0.441039599107665,-1.45630820477368,2.00440620071325,0.540262165286798,-0.878535496120493,-0.158997273905133,0.392774471668638,1.03846904518838,0.683131813282575,0.204755914394576,0.379775989602353,0.0396706388925294,-0.713039191024459,2.35694763027232
1854,0.400702953495591,-1.23207655224724,0.987574939437319,-0.372042606609227,-1.46753216010912,1.26846365073272,0.00789678824174406,-0.623678798386323,-0.145827525592025,0.842795425037969,-0.152091606723925,0.444836919248731,0.190145838656034,0.441537539426574,-0.355782050383791,-0.87348849638965,1.34879328416135
1855,0.9578708697847,-0.649859985400994,1.79919327190796,-0.0926724311008437,-1.32386553181545,0.139827070422545,-0.71047661569638,-0.118661779411856,0.0407439088436796,0.88159581819066,-1.25882800366685,0.4837119268682,-0.840079354966205,0.296532161578403,-0.790547178652934,-0.697551806336699,-0.588357344552481
1856,0.247236448177212,0.516747401030754,1.89264249510371,0.137317543893951,-1.0853564809373,-1.228182175638,-1.52330685465667,0.538204746197836,0.180946854426981,0.364469266827741,-1.92173510300988,0.142739531793622,-0.873596587542862,-0.358677323513333,-0.398676488373682,-0.538341491746529,-0.773723770610639
1857,-0.00490656677749704,1.0499224894248,1.31361218175792,0.0392335839697003,-0.703180801765479,-2.44387709399664,-2.04107371812722,1.00158056025996,0.0975384484439602,-0.893681186549696,-1.97554368589415,0.364564479851279,0.261477384908918,-0.949056361895173,0.288261369289057,-0.620734378285411,-0.638245589072331
1858,-0.429324593030991,0.696727211113929,0.278869042637937,0.615561403662539,-0.261518159315813,-3.27850925795923,-2.04407309170272,0.930508729319354,0.0396464298175872,-0.988773953374734,-1.8038686833586,0.75539184652945,0.675286294797642,-0.658278381977412,0.696340605030043,-0.662860064636117,-1.23265967135248
1859,-0.765151830246344,0.126891805699581,-0.78929106553622,0.969340100492767,0.166675736731323,-3.49320952021408,-1.63615828543483,0.650604690284528,0.094246011365683,-0.464650609803952,-1.38108696069643,0.763997764246737,0.545192164508119,0.0774896463633084,0.75508538858196,-0.647992175335868,-0.917104678899206
1860,-0.0479753196021933,-0.211295089119459,-1.23849793273349,0.851639348583666,0.483752474957576,-2.86159599072888,-0.9918553492479,0.665633095064921,-0.0488378166611109,-0.612219318187959,-0.656226782080182,-0.133391724617948,0.300903103997486,0.454580351190695,0.677356010345582,-0.573033233447111,0.797401859755854
1861,0.238513662794995,-0.070965193573064,-0.692736725746944,0.71026315807216,0.709353977199972,-2.3198101507049,-0.157842034410647,0.756429707279798,-0.457785938758783,-0.131030835892696,0.132874255693826,-1.14874163736614,-0.572478629490397,0.771827566747408,0.144623209506625,-0.402672001881753,0.8940348313011
1862,0.45031379535695,0.115869552229722,0.189707837595161,0.356484461241932,0.970872136515785,-2.40077591564529,0.44465713256776,0.76112608377367,-0.954395198065585,-0.0330757449826222,0.55062286261002,-1.39356515863378,-1.29514024341081,0.405094388909177,-0.883320952676999,-0.255851595041791,-0.33048579781877
1863,-0.059423975416353,0.414678314104389,0.98284333319956,0.426834335946222,1.32723271841609,-2.36170288480341,0.761840888176803,0.88604969851069,-0.98773112348314,-0.646885243217822,0.590064187819414,-1.07203026736894,0.00913129733658918,-0.354841202406239,-0.7729953835673,-0.0538960987134039,-0.118266189520838
1864,-1.30378382759824,0.759538956914768,1.4437313532963,0.549270175575804,1.66282898294582,-1.70712891451422,1.21568360231953,1.30966285825803,-0.286442025810111,-0.281143832352289,0.428546927971203,0.11306395345815,1.82840800786762,-0.641783061216906,0.100922821742394,0.327093564605486,0.0800483991394961
1865,-0.840931028254353,1.07891252594827,1.26925337327893,0.131229573967618,1.89292006732239,-0.849939124498583,1.57017206677384,1.85444253154729,0.488926906124155,0.270966680049943,0.309307840389209,1.57339916334675,0.662287624471439,-0.948672749784464,0.586283685845125,0.880922441039774,-0.212646059445967
1866,0.139019392029083,1.12722925348738,0.735764769971567,-0.0500566416165141,1.94174427303157,-0.0620838234897365,1.29198016764629,2.03916667363962,0.903225238474028,0.65101971134065,0.210201215791128,1.62266062338363,-0.813007744038905,-0.695872368826938,0.4114821347882,1.23465430730821,0.467286784357617
1867,0.267135302330394,0.716295485767267,0.0433237696144834,-0.0480273183077365,1.83623909287841,0.90351348637456,0.821265977141382,1.34159821841636,1.11174625343158,1.37391556081661,0.0745816242358595,1.31403460869472,-0.42637787210497,0.123906711759152,-0.0170144952360736,1.10951623903111,0.437264687730293
1868,0.325196342530776,0.0754646888251434,-0.833354148625352,-0.658853634249794,1.70884719982114,1.86342103788173,0.822015820535257,0.0572957932252496,1.24289499704962,1.54183857380531,-0.0322119407742608,0.0559384651623655,-0.391571515198442,0.134647850859016,-0.272231923777177,0.79543207756334,-0.955999238305392
1869,0.956780521611922,-0.131149717313965,-1.58804534354796,-0.895608020273847,1.45013502933918,2.36009162579962,0.758841514601304,-0.96745355773782,1.20283701259725,0.491365634597608,-0.245890581989883,0.00919942928399645,-0.840079354966205,0.62490412834569,0.0150443957876861,0.559404334921882,-0.641348583877962
1870,1.09034817277712,-0.114359654494125,-2.12685700387279,-0.597973934986466,0.847408627825916,2.47650508882336,0.256165249432481,-1.36570628441824,0.712675442568738,-0.387685895517466,-0.409604110527248,0.447210965515569,-0.548200121277819,0.88806203629237,0.468973218691144,0.280011915154696,0.799086560452627
1871,-0.162189290700597,-0.35186656830355,-2.33090752287616,-0.292222556463974,0.00336718660063278,2.73309808517672,-0.094292806779757,-1.07390475826561,-0.300434883392789,-0.52825781169361,-0.424611946569801,-0.113509087133182,0.379109980009685,0.0468006775065526,0.512852706405228,-0.171600222340378,0.993090738666257
1872,0.369628030571443,-0.45200298612835,-2.08722980163156,0.218490476245055,-0.817103948420221,3.12503683784834,-0.105727918536348,-0.811846949907498,-1.34276558842403,-0.928983183598456,-0.195010357357812,0.11588313340002,0.990047485341246,-0.198711073347494,0.343424153843906,-0.589140113522381,-0.390341059051959
1873,0.294121419606628,-1.06731651133888,-1.50760803750605,0.822552381157854,-1.46528736904203,3.09120039876878,-0.00510830812077212,-1.08924625481226,-1.73182190317377,-0.537162819958162,-0.169021177869488,0.488905153076908,0.868869798333333,-0.196025788572528,0.0256112928290371,-0.832601800813964,-1.0860217017978
1874,0.088590789038141,-1.95731063260924,-0.58716276156694,1.32108947401422,-2.03995388221669,2.63239439743992,-0.0864663163561886,-1.30214865586783,-1.31971852887609,0.476735978162987,-0.159412502354438,-0.101045344232284,0.26427048762364,-0.700092102044742,-0.216890039272475,-0.844991708564172,-0.770554976587511
1875,0.598601146854639,-2.25494167425014,0.689483746458484,1.55378521342072,-2.55513343211351,2.11961121948414,-0.632680363581868,-1.06639055587541,-0.69511577815126,1.31317068301199,0.608366426895698,-0.895015442597848,-1.01196259894906,-0.556237560528699,-0.124832665047824,-0.590379104297402,0.502580441464793
1876,0.96359519769178,-1.59928368154445,2.22030622706854,1.29470827100011,-2.87389376364008,1.62938566758141,-0.976483559673467,-0.671894930390085,-0.371359465454009,1.03329899469749,1.47845487258227,-0.0262628868268931,-1.14560182114573,0.0329906415210125,0.0534613350312417,-0.177175680827972,1.60287254916467
1877,0.161371529571014,-0.364428917463718,3.6480684093124,0.347014285800969,-2.9339419246847,1.10451804709721,-0.907872889133922,-0.388546881926419,-0.183964921748735,-0.287822588550703,1.33862576603945,0.785364180648277,0.00601591353939993,-0.260089011061005,0.184562498323935,0.215584394853616,1.58895280494609
1878,-0.408062803661837,0.616159067942467,4.43174069244128,-0.586474436236726,-2.75716462815147,0.485693885954581,-0.787523024417015,-0.361934081794473,0.295907782410158,-1.22730096046095,0.609922117217182,0.554339803306625,1.25904476217441,0.0640632224884777,0.176234350655752,0.522854107058769,0.274817814228324
1879,-0.229245703326389,1.00837010374117,4.01003628650099,-0.409246867270149,-2.30371683259959,-0.249745145587261,-0.74215749908759,-0.66751164566247,0.960842887343878,-0.983367341214113,-0.280847858625586,0.398394639153717,1.37463624375288,0.463403429737013,-0.100116871968054,0.672152495448773,-0.86900264240556
1880,-0.676288454165008,0.836241761883101,2.58582280893544,0.896284461376773,-1.62522873257209,-1.12022782238415,-0.764277879206896,-1.05918944525147,1.19186222233632,-0.0550202296345542,-1.26761307842347,-0.332218099465614,0.438839407293727,0.391667965034346,-0.189756396869684,0.654806624598482,-0.801905094007005
1881,-0.502377920607058,0.67607181009096,0.606237049212907,1.92582782002994,-0.813175564052816,-2.25052601354198,-0.478025163595189,-0.92769090342303,0.744639519203679,0.196864289848492,-1.51908584333162,-0.977365172478784,-1.04633924774563,0.736535252562139,-0.0960871230963523,0.625070845997983,-0.347211156477079
1882,-0.0452494491702505,0.244603433166731,-1.35087358088027,2.00429498796934,-0.0527525900765802,-3.34819620987309,0.0971984499310218,-0.112086852320434,0.309763455114574,-0.192729821725664,-0.737946279555793,0.850205319311285,-1.64148498003627,0.58999542627113,0.220919788144176,0.745252951174999,-0.0996903883563169
1883,-0.214526002993898,-0.414315938647846,-2.33682203067336,1.35085288254296,0.496660023593335,-3.61244268649445,0.66417378612461,0.968705924802853,0.397973331836749,-0.489775454550367,0.153372763459264,1.26952124119151,-0.76412844653128,-0.606490747031636,0.399213788223242,0.845611203951682,-0.0587257213733107
1884,-0.0733259146192613,0.0285672651574972,-2.41607643515583,0.117024310806175,0.773330522611995,-2.96149404896378,0.887439656650833,1.77460413115145,0.560400227698421,-0.595045373677751,0.738037790751174,0.104161279957508,0.994774274550774,-0.99317175462676,0.012357896539885,0.770652262062925,0.290068548228162
1885,0.295756941865794,1.00015626005952,-2.11088783282036,-1.70869022599074,0.95123021467876,-2.31739326219922,0.909934958467078,2.01224078174141,0.209069754470598,-0.44270612515202,0.587318851957971,-0.0988196758571231,0.850392349605176,-1.03690353524764,-0.371811495895671,0.740296988074916,0.097124299116874
1886,0.82539356679228,1.61474503435697,-1.49282176801305,-2.54003634148663,1.07581611890217,-1.98789079592441,0.927181356526198,1.85726035744361,-0.505663461272064,-0.978914837081837,0.368881628582515,-0.0406555423195972,0.28521875798405,-0.5481817062038,0.259963577212219,0.735960520362343,0.15456910230859
1887,0.1382016308995,1.4780086954213,-0.693771764611454,-2.58738721869144,1.25764419533634,-1.28860438828008,0.799707979567481,1.49563936741539,-0.841766413012854,-0.94488498407087,0.158039834423717,-0.0224050616432817,0.334312909546653,0.463787041847722,1.1673734731445,0.737199511137364,0.0984126798926485
1888,-1.31414213523962,0.469034632585885,-0.268962242077629,-2.89719724383149,1.49390845514741,-0.0476831961433743,0.346568243606512,0.756429707279798,-0.484674174898047,0.263333815823184,-0.453987040287238,0.552707646498174,-0.502328780539894,0.890363708956628,0.96857252880722,0.739057997299895,0.244003559216692
1889,-0.678196563467368,-0.410692184082413,-0.568827787395623,-2.79505463728968,1.59211806433253,1.07470975552712,0.0596711313281936,-0.00751420239019666,0.1241523148267,1.30490174676633,-1.08825113547588,0.0157280565178004,-0.72975179773471,0.688967350834168,0.0973408227453262,0.517898143958686,0.827639007484267
1890,0.167095857478094,-0.634881799863871,-1.26393031626145,-2.4974205520023,1.38559728616039,1.75345261087314,0.247401454766569,-0.242333027083842,0.42198068553252,1.37868610095834,-0.984660462304108,-1.88974082840288,0.0693978597580778,0.89573427850656,-0.533896950513003,0.210628431753533,0.125742826216329
1891,-0.698368004663745,-0.433884213301184,-1.79623601800936,-1.71071954929952,0.89062085586737,2.00440620071325,0.290986102035542,-0.204762015132859,0.372456944480101,0.776643935072725,-0.370254296513236,-1.16580509490903,0.179188281852127,0.348703408634888,-0.0162085454617332,0.039647704800665,-0.517273326488972
1892,-0.993034598356762,-0.364549709282565,-1.67380570660734,0.0081172932351104,0.236825457577839,1.80461008424344,-0.133612719746067,-0.205075106899117,0.0581663883828961,-0.586776437432096,0.423971368202131,0.505226721161418,0.360095396144082,-0.255102053621783,0.864336357992537,-0.203194487103408,-0.586492498437072
1893,-0.336644998344936,-0.79891708985914,-0.771843267534482,0.781965914982302,-0.341208242197455,1.22375121337758,-0.414288475115831,-0.328433262804846,-0.0865636581830364,-1.64679045692325,1.05054852297873,0.602859373885122,0.638868532478775,-0.802132923493455,0.825650768824202,-0.732243548037281,-0.485310554160221
1894,0.219432569771395,-1.25381907963984,0.0833945599405072,1.0173674188005,-0.805318795318007,0.51751625127941,-0.303592844095062,-0.66062362680479,0.182867442722643,-0.53748085596761,0.75258807081682,0.225237639566236,-0.356550304236935,-0.964017234212841,0.151429007601055,-1.2997013229968,-0.696105970492605
1895,-0.702184223268465,-1.1528371190831,0.52269462657747,1.64375188010986,-1.08198929433667,0.0374869477600234,-0.492834570624217,-0.91047085627883,0.520890982759095,0.964285180647216,0.150901961183966,0.32227678072323,-1.55253540127514,-0.535522506550389,-0.303216215101816,-1.68502745402826,0.0502681948794225
1896,-1.48859784288396,-0.545254270278827,0.732807516072968,2.05773383510049,-1.04663383503002,0.0406087620798642,-0.874129936409556,-0.52192397435241,0.650256322959734,1.51925801713448,-0.0931583968982883,0.350468580141929,-0.561306218631512,0.0153444844283779,-0.0364468397951681,-1.70732928797863,1.32206074719415
1897,-0.18154297076739,0.0933418780146131,0.332986788982309,2.26810701811043,-0.688028462062631,0.321848986006809,-0.746844020299307,0.139325835984896,0.292203790697096,0.667239547822513,-0.249093473828233,0.0896202465731267,1.14732065358556,0.370952911056036,0.64207332022446,-1.37280177872302,0.936702012915372
1898,0.345095196683958,0.693103456548496,-0.463697411300409,2.48321528884086,-0.238509050878155,0.626779752473836,-0.271021521673625,0.52536798378125,-0.335005472714699,-0.182552669423319,-0.426259148086667,-0.321683269156521,0.75231147350746,1.00237844528379,0.718548998811865,-1.05128367260513,0.0831800005561483
1899,0.441863597017928,0.928647503301644,-0.987722802132249,2.41218897303364,0.0701497208465163,0.99253554633389,0.190694548104787,0.633384643140327,-0.745874183108033,-0.686003672379962,-0.0539916052750394,-0.335927546757548,-0.200673687349983,0.612628540802988,0.242322232151658,-0.770032766675415,-0.882423676701287
1900,1.34467188407738,0.788528993438233,-0.948982776060595,2.30463483766843,0.309781167258216,1.06665346050817,0.568756214254041,0.561999720433459,-0.830105698360623,-0.535572639910921,0.63481316236093,-0.551075489689723,-0.820420208935666,-0.0912996823488485,-0.48509221417795,-0.375414204831296,-1.79933817981334
1901,1.94327303093202,0.394143704900269,-0.0900483812123562,2.20925664215588,0.562881360072446,0.504324068185889,0.866444041622339,0.449912868113025,-0.68084855081206,0.312947433297118,0.833850012315524,-1.28317200722583,-0.229249276662133,-0.0372103747388164,-0.707355251946027,0.0297357786004987,-0.918508128062653
1902,1.26998303424215,0.577868061367725,1.28167383965304,1.63495814577182,0.835623474723702,-0.224166408902114,1.0319719708202,0.274268387242178,-0.406615979167226,0.520306911457403,0.526097862247799,-0.257880775735255,0.0836856544141526,-0.0218658903104385,-0.170324052310589,0.197619028615814,0.695769351325043
1903,0.527728515624126,1.01030277284274,2.28359146049857,0.852992230789518,1.04663383503002,-0.458806001328856,0.959799544159752,-0.218851144614478,-0.12497542409627,0.699679220786238,0.150993472379347,0.0507452389536578,-0.79431544125577,-0.0391284352923636,0.450436373881316,0.224257330278761,1.62721023534382
1904,-0.90117276480029,1.10935206429791,2.5012453474355,0.0175874686760725,1.04719503279679,-0.538966136767348,0.399104146389866,-0.749541688422117,0.285893286297065,-0.00826893624565555,-0.389471647543335,-0.272866942794669,-0.766814122218513,-0.0936013550131052,0.249575780120721,0.291162832129883,1.54273687894912
1905,-1.91710467478537,1.30745064720825,2.17062436157207,-0.418040601608186,0.708231581666428,-0.97964547430358,-0.217642045072163,-1.05699780288766,0.78469750365605,-0.183506777451663,-1.22075934638818,-0.458487685283049,1.35572908691477,-0.00920669065702674,-0.504255908812265,0.140005957577348,0.339665229995846
1906,-0.750432129913852,0.852186281971007,1.69391503311782,-0.224578446171388,0.0920364337506293,-1.31035638483123,-0.360721537665899,-1.23107682492722,0.907752339456659,-0.243933619246839,-1.34960710948522,-0.35773909683412,1.33725163818661,-0.0195642176461818,-0.854664960700454,-0.281250905929717,-0.998946467808768
1907,0.368810269441861,-0.137672475531744,0.91571366970135,-0.0723791980130677,-0.537066262800928,-1.10169834384058,-0.276036099370163,-1.05167524286127,0.790322083664774,-0.00604268417951751,-0.600862508874421,0.64351491620472,-0.14717502766032,0.569663984403529,-0.687743807437079,-0.559404334921882,-1.32238492870474
1908,0.920526444867083,-0.595624458738346,-0.106461140349584,0.081172932351104,-1.12800751121198,-0.821540684556806,-0.416912926994392,-0.369448284184669,0.56300674038539,0.647839351246167,0.285789463176183,0.611316913710732,-0.334527763601632,0.758017530761868,-0.125638614822164,-0.519137134733707,-1.17043166626346
1909,0.815307846194091,-0.492830620898895,-0.859821571017818,0.511389473811955,-1.62522873257209,-0.801500650697183,-0.509143664440994,0.229809356433515,0.0201661771044475,0.562605700714025,0.605987135815781,-0.167667017595419,-0.0348063569065282,0.244744526632627,0.664460813956136,-0.215584394853616,-0.0836962034417088
1910,0.0776873073103698,-0.98022560994964,-0.993785172624378,0.0257047619111829,-1.92378594449486,-0.570486391028966,-0.386169347845525,0.537891654431578,-0.50621220078511,-0.581687861280923,0.611660829929429,-0.216928477632303,-0.461721364148945,0.0318398051888841,0.767622385071698,0.284967878254779,0.8704217389439
1911,0.296847290038571,-1.60169951792141,-0.118585881333842,-0.78061303277645,-2.03883148668315,-0.0592641202331062,-0.476900398504377,0.557303343939586,-0.83778805154327,-1.29377048643564,0.578076221224447,-1.56746404767965,-0.582361916019411,-0.719272707580214,-0.150891707751495,0.752067400437613,1.02970880563294
1912,0.833571178088108,-1.72297450404457,1.03119443444166,-0.863815288436331,-2.02985232241479,0.143402051337202,-0.68010795824445,-0.0648099956154462,-1.01722587230937,-0.909264951012662,1.06738658292891,-1.83217020643207,-0.343981342020689,-1.0230934992621,-0.826008968723909,1.09836532205592,0.440674210597922
1913,0.0542448215956617,-1.42969196788219,1.23435777727545,-0.641266165573721,-2.14321427130276,-0.129756701648865,-0.767464713630864,-0.929569454020579,-0.869340573543425,-0.418853424443398,1.3649809903093,-0.0749308352970678,-0.320669677055514,-0.0824766038025312,-0.291932918261052,1.36412884329788,-0.294747394171376
1914,-0.945331865797763,-1.19777167569447,0.288332255113456,-0.458627067783737,-2.31886917230244,-0.493649477285788,-0.729222700543249,-1.34817314550778,-0.165993702696472,0.362879086780499,1.10728546411521,1.14740623634104,0.301440239134932,0.723876052908727,0.455003422602578,1.51032975475033,-0.104676123454797
1915,-0.596693037552279,-0.976843439021904,-0.994524486099028,-0.0527624060282176,-2.15780541323884,-0.508251512007624,-0.590876594373347,-1.34817314550778,0.762885108012465,0.96905572078894,0.593084057267,0.195116927555731,1.27666279468266,0.982430615526895,0.302589365277329,1.5084712685878,-0.359099349855439
1916,-0.321925298012445,-0.548636441206565,-1.81930259841844,0.0696734336013642,-1.70660240875405,-0.104203140885653,-0.344787365546059,-1.14904678216757,1.0246338557355,0.824667372499417,-0.292927336415934,-0.458932818958081,0.825146998145194,0.467623162954816,-0.254859228641397,1.41802494201128,-0.62362813241943
1917,-0.682012782072088,0.00214405478454789,-1.74300544783457,0.0933488722037696,-1.15213901518318,0.562027281259075,-0.0307435791488671,-0.610842035969737,0.451063879723968,-0.019718232585794,-1.22515188376649,0.375841199618758,-1.27752221090257,0.245895362964756,-0.282082421019115,1.40997150197365,-0.090879552161648
1918,-0.893812914634044,0.702404426599774,-0.747889510955825,0.71838045130727,-0.69027325312972,1.17823314652055,0.08030354096278,0.121166513541921,-0.331164296123375,-0.696498860691756,-1.09117949372808,0.692479620458249,-1.83614275384685,0.108562227330774,-0.14668285892994,1.40191806193601,0.155734270037453
1919,-0.11339620996882,0.654570866336057,0.761197153499523,0.82796390998126,-0.268252532517078,1.47792732122526,-0.0399994585420092,0.552920059211971,-0.4734250148806,-0.35715443861043,-0.150444405207059,-0.326728117473551,-0.0651007786585064,-0.193724115908271,-0.305365414500057,1.22474238110804,0.607913754665081
1920,0.450586382400145,0.383272441203969,1.66020233867379,0.64803057660298,0.372074119369922,1.48880331950084,-0.00702978181757631,0.816230234635113,0.0351193288349561,-0.244251655256287,0.548426593920866,-1.37635332319921,1.86579261343389,-0.25011509618256,-0.880097153579637,0.824548360776329,0.644930629084151
1921,0.542720802999811,0.403686258589242,1.1911818703559,0.919959899979178,1.17739291468793,1.17460781376202,0.385419504451651,1.23608629318735,0.516089512019941,-0.425532180641812,0.309216329193827,-1.20942819506218,1.15032861035526,-0.40969773423769,-1.08212189701428,0.290543336742373,-0.220352752673854
1922,0.928431469119717,0.294369662532012,0.174773705407233,1.58422506305238,1.9754161390379,0.739970697489998,0.698479121394382,1.63653066223158,0.636263465377057,0.205133226094147,-0.370254296513236,0.00445133675032086,-1.4055752276698,-0.108945839441483,-0.570164690358318,-0.260188062754364,-0.838500291733455
1923,0.364176289707558,0.136162577796147,-0.706783681765292,1.98061954936694,2.60620242888977,0.390226789980096,0.71610044115044,1.69789664841819,0.205365762757536,0.641160595047753,-0.869722400905041,1.18687475552722,-2.13092251727745,0.0544729197207415,-0.0236411933806496,-0.773749739000477,0.0361201394125631
1924,0.188630233890442,0.0131059123449829,-1.38281192298515,1.68298546407956,2.90868802517995,-0.0480104831285189,1.00891428645855,1.45055415307421,-0.454630686558768,0.155201572610766,-0.785898145935658,1.68675987258825,-0.99090690156116,-0.221727799990061,0.2800227715958,-1.19067013479497,0.648698436715348
1925,0.844202072772685,0.174604574144449,-1.4348595916005,0.775877945055969,2.93338072691792,-0.533125322878613,1.34090744909662,1.39419763514774,-0.501273545167694,0.380053031290707,-0.318092915145825,1.19295824908599,0.230538400992005,0.0452662290637148,0.2471579307977,-1.39014764957331,-0.0996265550910498
1926,-0.677923976424174,0.848804111043269,-1.04627642932452,-0.0399100250726261,2.8694041815059,-0.727785551273846,1.24005351262046,1.36163609145689,0.128267861174547,0.61953414640527,0.271605227892063,-0.437863158339895,1.47003144416337,0.488721829043836,-0.38515444215975,-1.34554398167257,-1.16449569417278
1927,-1.34930586381169,1.44708598979627,-0.793283358299329,-0.336191228154156,2.84302788646761,-0.491937514594263,0.950801423433255,1.2072818506916,0.723787417707924,-0.172693553130422,0.569291146467831,-0.816078404225491,1.75234967240521,0.239757569193405,-0.69669880492975,-0.975705235328864,-0.939355647211265
1928,0.287306743526771,1.30648431265746,-0.211147928360008,-0.980839599242506,2.76951097902046,-0.0927480964055918,0.397791920450585,1.36288845852192,0.63571472586401,-0.415991100358364,0.435867823601716,-0.714142792643144,0.733404316669345,-0.214055557775872,-0.605178730554659,-0.276914438217144,0.219560594289546
1929,0.608414280409633,1.29633779987425,0.709001622189241,-1.75265889768092,2.6095696154904,-0.0909857818701978,-0.438096002871356,1.29432136171138,-0.145827525592025,-0.0225805566708286,-0.217796645007786,-0.89100923952256,-0.491478650763477,-0.476446241501134,-0.147578358679207,0.519137134733707,0.744113320307413
1930,0.78532327144272,1.17602914830187,1.10083776375368,-1.72627769466681,2.33626630307238,-0.429702635572921,-1.01360080767027,0.291175342620121,-0.913376919465382,0.32185244156167,-1.15670150962118,-0.156835431502972,-0.771540911428041,-0.348319796524178,0.313424912243461,1.13429605453152,0.0387029031366352
1931,0.0370718378744221,0.629446168015722,0.876973643629696,-2.29651754443332,1.87496173878569,-0.54108091420982,-1.19225099626094,-1.01692205680662,-1.07648973971836,0.502814930937747,-1.23613322721226,1.00867290762271,-0.87531541998269,-0.314945542892456,0.301067015703576,1.50909076397531,-0.0349408208397901
1932,-0.280492067446914,0.229262872173065,0.526095468560859,-2.58603433648559,1.23014550476451,-0.425372377000239,-1.35459209103484,-1.81060968427114,-0.748617880673264,0.727984425627136,-0.392857561772448,1.64284001665175,0.15018298443002,-0.449209781640763,0.0302678915252256,1.65281369387772,0.778865738729201
1933,-0.0256231820602623,-0.141568011689585,0.660946246336999,-1.68230902297663,0.322688715893975,-0.356188943525058,-1.32890995479463,-1.94649151082719,-0.380688037175794,-0.056928445691244,0.591436855750135,1.17693343678484,1.03473712877679,0.0498695743922282,-0.179637249702966,1.45085819754933,1.34848194152246
1934,-0.52990921196968,-0.808097268091571,1.21957150778245,-0.8002298247613,-0.656601387123392,-0.221850224084168,-0.923057217859887,-1.89545755292711,-0.156802315852949,-0.95792446045825,0.847393669231974,-0.427773461705835,1.11853021021843,0.802516535604164,-0.129041513869379,1.05933711264277,0.398617236482989
1935,-0.682557956158477,-0.906542600452502,1.3307642543698,0.149493483746617,-1.57864931793,0.000176231453539398,-0.391980634148055,-2.07611150205809,-0.0393720600610641,-0.529529955731403,0.62968853541957,-1.06016003603475,0.754567441084734,0.899186787502945,-0.262470976510167,0.669674513898732,-1.72377981496002
1936,-1.46106655152134,-0.666046089126595,0.887176169579864,1.05863032607898,-2.21616998098314,0.0236905425400819,-0.184227148832617,-2.0939577327348,0.1134518943223,0.432528972849675,0.415186293445515,0.139178462393366,-0.155876616886952,0.0525548591671943,-0.0999377720182006,0.369838746343703,-2.19607616657172
1937,-2.00078889704601,-1.15573612273545,0.416529211617746,1.49899348408372,-2.26387179115877,-0.275827400711092,0.0465137230262966,-1.68693843659915,0.297554000949296,0.18605106552725,0.821038444962125,0.607755844310475,-1.52675291467771,-0.539358627657483,0.131101163292693,0.17407820389042,-0.646869298711874
1938,-0.692098502670277,-1.67610727833164,0.0471681996826628,1.55446165452364,-1.74476385689455,-0.450246187871228,0.609622679220218,-1.22638044843335,0.320601060497236,-0.391184291621397,1.29872688485315,-0.0695892311966828,-1.20919862141939,-0.885760363628114,0.220382488294616,-0.0452231632882585,1.23978805365293
1939,0.18726729867447,-1.40263460046029,-0.400707903260239,1.26359198026552,-1.03428748416104,-0.306441321783079,1.09083467723937,-0.683792417507896,0.345157153706053,-0.239163079105114,1.1654865843778,-0.0473325474450785,-0.0728355246377349,-0.836658013457305,0.431989079046415,-0.2385057241915,1.67186062142205
1940,0.806585060811874,-1.0339779693369,-0.732511790683108,1.20677092761975,-0.613389159081938,-0.183431767212579,1.15344660062792,0.28428732376244,0.611844557046501,-0.14693263636511,0.44895392454126,-0.172415110129095,0.487826131828841,-0.230550878536378,0.609745779275921,-0.310367189142705,0.391592086735361
1941,0.519550904328297,-0.444151517903245,-0.761788604279243,1.09177594012235,-0.369268130536062,-0.204327782417965,1.09383405081487,1.27209184630704,0.705953383533923,0.269376500002702,-0.466249540468349,0.464274423058466,0.392538358445846,0.143087317294624,0.32023071033789,-0.576750205772173,-0.678434066017715
1942,0.186722124588082,0.351624984665854,-0.410762566515477,1.12695087747449,-0.0101015598018983,-0.32466868926344,1.00666475627693,1.61367496329473,0.274781311157879,0.219126810509872,-0.901568296897777,0.947096082576602,0.49394947239573,0.830903831796663,-0.0133429462640787,-1.04756670028007,-0.315440164794448
1943,0.579247466787845,0.96995830534758,0.0283896374265557,1.11274561431305,0.323249913660747,-0.531312656499351,0.587127377403973,1.68474679423534,-0.423215349436874,-0.285596336484565,-0.694752995335761,0.16084163457826,0.0096684324740356,1.16464636811388,-0.0160294455118798,-1.21668894107041,0.0477646148966019
1944,0.665930146523626,1.04702348577246,-0.138251619759529,1.11815714313646,0.42426551167973,-0.671391486141238,0.00664314381760961,1.88449934110807,-0.867419985247764,-0.327259053722291,-0.201599163425274,0.266189937669188,-0.713422889556338,0.255869277843201,0.459122721449206,-1.16031486080696,0.166213196638625
1945,0.75533869669135,0.641042182625107,-0.753951881447955,1.21691754416363,0.241876237478788,-0.625369900845521,-0.362971067847524,1.83471775027302,-0.481518922698031,0.206087334122492,0.198487782782306,0.305213323180334,-0.397587428737842,-0.217891678882966,0.575358588904067,-1.19128963018248,-0.141345586029777
1946,0.72480894785359,0.224914366694545,-1.11192746587343,0.939576691964029,-0.134687464025311,-0.614796013633157,-0.496021405048184,1.36476700911947,0.287539504836203,0.201952865999664,0.219718380110796,0.267673716585961,0.374383190800157,-0.731548295122916,-0.0976094726701063,-1.26129260897115,-0.224618668405799
1947,0.0640579551506558,-0.328795330903626,-0.97885104043645,1.05930676718191,-0.613389159081938,-0.647323304772144,-0.553571885528076,0.613033678333545,0.32361912781899,0.0715581021258653,0.371443942053195,0.303877922155238,0.86328359290389,-0.531686385443294,-0.370647346221624,-1.3895281541858,0.0691297411823678
1948,-1.01456897476911,-0.812566565388939,-0.12937985806373,1.21962330857534,-1.17851531022147,-0.369582533994052,-0.488522971109436,-0.0184724142092335,-0.587151278959423,-0.103997775089591,0.443554764013756,0.624819301853372,0.278343428224736,-0.103191657780841,-0.127966914170259,-1.48183296692485,1.15279226018258
1949,-0.977497136894688,-1.03252846751073,1.0866429450404,0.480949624180291,-1.64487065440911,0.393449307987673,-0.352707586393862,-0.20977148339299,-1.71151854119106,-0.369875878988362,0.134338434819929,0.117663668100148,-1.00164960431009,0.169556552933576,0.0655505816463466,-1.35545590787273,0.840810084996452
1950,-0.549808066122862,-0.905697057720568,1.5892282451074,-0.940253133066954,-1.8968484516898,1.26443550322325,-0.554696650618888,-0.346279493481563,-1.61548912640798,-0.631937550773753,-0.146600935001039,-0.810143288558397,-1.13399970217689,0.440770315205155,0.193607045791532,-1.07048802961795,-0.836067726759763
1951,0.220795504987367,-0.382064523015492,1.12375648146783,-2.10576115340822,-2.01750597154581,1.7453963158542,-0.794271614961889,-0.611468219502254,-0.435973543115197,0.187641245574491,0.0984660462304108,-1.15467675303323,-0.565925580813551,0.869265042867608,0.124026715273484,-0.693215338624126,-0.698351569397068
1952,0.00327104451833136,0.720764783064635,0.347773058475307,-2.97566441177089,-2.06071819958726,1.87711673941393,-0.529764357772551,-0.829380088817957,0.98224372835268,0.93184550768349,0.358449352309033,-0.382518204744239,-0.0890570057886169,0.613779377135116,0.149279808202814,-0.233549761091417,-0.468740385363668
1953,-0.454402601004865,1.90416223231622,-0.125831153385411,-3.63790025153531,-1.91031719809233,1.75828638788451,-0.27725459488521,-0.734826375407982,1.41355298560698,0.491365634597608,-0.0539916052750394,1.00585372768084,0.490834088598541,0.0072886301034795,0.199069594262061,0.135049994477265,-0.907291367553083
1954,-0.14010974020186,2.26847035796109,-0.305632190420263,-3.74410150469467,-1.39289285712843,1.42717266260591,-0.398729224692928,-0.276773121372244,0.87949225453478,0.0547021936251059,-0.938538819831871,0.580009178566808,1.24572381076574,-0.15996625016584,0.0422675881654038,0.289304345967352,-0.38769091532431
1955,0.662659102005294,1.68287162018711,-0.315538990980572,-3.46405488808336,-0.498343616893651,1.30471697831797,-0.231232956586143,0.201944189236535,0.164073114400811,-0.100181342976211,-1.37266793072134,-0.801834126624465,0.966413539293603,-0.397038534584278,0.0584761336271371,0.359926820143537,1.01620271381215
1956,0.757519393036904,0.9391563915414,-0.364333680307464,-3.01422155463766,0.572982919874345,1.34983223042405,0.282690959490802,0.516914506092279,-0.186022694922658,0.552110512402232,-0.700060644667884,-1.04799304891721,0.306919017536886,-0.303437179571173,0.091072324500457,0.374794709443786,1.53475832261284
1957,0.552261349511611,0.14319870124403,-0.516040805305621,-2.06314536392389,1.64487065440911,1.04691553771176,0.66698569885164,0.454609244606898,-0.284795807270972,0.837388812877348,0.398622767081477,0.349726690683542,-0.353005212329789,-0.091683294459558,-0.00331334907228801,0.30169425371756,0.851046276679417
1958,0.644395770111278,-0.96138208620939,-0.564096181157864,-0.71026315807216,2.52595114824136,0.517314843903936,0.887627117499302,0.170948104376974,-0.264766815044786,0.253792735539736,0.69786437597873,1.08642292286165,-1.37506595186284,-0.109713063662902,-0.0733414294649698,0.320898610730382,0.306611434422338
1959,0.119938299005483,-1.63213905627105,-0.412536918854637,0.547240852267026,3.0063364365983,0.308052580786868,0.94292806779757,-0.158424433726646,-0.129639709957162,0.152339248525731,0.331179016085369,0.456262016907888,-1.12067875076822,0.245128138743337,-0.130563863443133,0.471435989895407,0.0657411216027357
1960,0.216706699339452,-1.71959233311683,0.208338537156338,1.66133934878593,3.15112546042551,0.166513547672797,1.0966459635419,-0.577967400512627,0.0921882381917598,0.0467512933888987,-0.232438436268814,-0.616361762027762,0.380613958394535,0.525932203782652,-0.0504166358837338,0.716136667962011,-0.660318016824718
1961,0.326014103660359,-1.52584225568501,0.705452917510922,2.05299874738,3.09725047481539,-0.420035081550188,0.9241819829507,-0.997510367298607,0.367655473740947,0.166968904960352,-0.712140122458232,-1.4262082948028,1.36389354100396,-0.217508066772257,0.08229642695764,0.959598355253594,-1.49517728478508
1962,0.819124064798811,-1.00063942733491,-0.125831153385411,2.16461152936277,2.86323100607141,-1.26201861471756,0.281097542278818,-1.25706344152665,0.525143713985203,-0.198454469895733,-0.8605712813669,-0.546920908722757,1.21177687007913,-0.0721190768133761,-0.0371632395945818,0.7632183174128,-0.712190268238005
1963,0.436684443197236,-0.232403459463107,-1.25328420222649,2.38851353443123,2.48666730456731,-2.09947048193678,0.0654824176307233,-1.25925508389046,0.377944339610563,-1.29726888253958,-0.627492266730416,0.206838780998243,0.00666047570433564,0.098588312452328,0.21456173992438,0.0061949538751039,0.424868757097404
1964,-0.558258264461885,0.241100470420146,-1.03725680493379,1.78851027613599,2.02311794921353,-2.83219051390973,-0.0720669799331865,-1.01723514857287,0.0980871879570063,-1.27691457793489,-0.219169312938507,-0.474512497584204,-1.89673159735081,-0.545112809318125,0.129041513869379,-0.763837812800311,0.776155131940109
1965,0.170639489039619,0.50937910008104,-0.487207579794275,1.20541804541389,1.49166366408032,-3.17015208995443,-0.523765610621552,-0.709465942341068,-0.117978995304931,-0.656426323501271,0.230425189970422,-0.278060169003376,-1.34799434093554,-0.358677323513333,-0.402437587320603,-0.991192620016624,0.783309994413449
1966,0.690190393367917,0.912582191394891,-0.572820080158732,1.04104285740291,0.942251050410406,-2.94578427367684,-0.744032107572277,-0.4126549479283,-0.302218286810189,-0.189549461631181,0.343258493875717,0.42747670592248,-0.0863713301013847,0.0337578657424314,-0.580462937474889,-0.713039191024459,-0.0107572693276268
1967,-0.379168577083243,1.17264697737414,-0.485581090150046,0.176551127863651,0.523597516398397,-2.25254008729672,-0.71047661569638,-0.0942406216437165,-0.738466199681909,0.203861082056354,0.0301986944758695,-0.13443036985969,0.175750616972469,0.239373957082695,-0.0170144952360736,-0.375414204831296,-0.61986875029779
1968,-0.928976643206106,1.27121310155392,0.0280939120366957,-0.846904260863185,0.244121028545877,-1.44811902965517,-0.764090418358428,0.0303699013270449,-1.10612167342286,-0.11353885537304,-0.040264925967826,-0.899911913023201,0.235265190201533,0.56928037229282,0.424108681252865,-0.231071779541375,-0.227530123294155
1969,-0.209892023259595,0.913306942307978,0.46029656931702,-1.11071629100427,-0.0213255151373409,-0.809959760467074,-0.82576503750463,0.0281782589632375,-0.842726707160685,-0.0457971853605538,-0.095446176782824,-0.221676570165979,0.760368500569156,0.224029472654317,0.625954324737654,-0.0501791263883416,0.776084116930981
1970,-0.269043411632754,0.313333978091111,0.662277010591369,-0.681176190646348,-0.198664009437334,-0.346118574751378,-0.729410161391718,0.147779313673868,0.0883470616004365,0.354610150534844,-0.26181352998625,0.385485762577787,0.330230682502061,-0.151526783730232,-0.13226531296674,0.250895631941708,0.824984570758891
1971,-0.526638167451349,-0.195622350623961,0.879930897528295,-0.437657393593036,-0.307536376191127,-0.0666406653598267,-0.36418956336257,0.056356517926475,1.03629457038773,0.422351820547329,0.0276363810051897,-0.323908937531681,0.118706865375659,-0.377474316938096,-0.976811126500477,0.471435989895407,-0.335458092223433
1972,-0.312384751500645,-0.516264233755363,0.923993980617429,0.297634085287381,-0.313709551625621,0.036681318258129,0.00233154430282948,-0.348158044079112,1.47281685301597,0.417899316415053,0.474577059248058,0.0452552569615954,-0.0304018487794675,-0.39588769825215,-0.611268128849675,0.586042636584829,-0.75570280931122
1973,-0.541630454827034,-0.581612607752005,0.465471763639569,0.966634336081063,-0.277792894552204,0.419833674174715,0.153108647986812,-0.506895569572017,1.36581264797197,0.24743201535077,-0.0394413252093932,-0.163512436628453,-1.41975559529838,-0.723108828687309,0.0594611833513308,0.617017405960348,-0.263726312960843
1974,0.62286139369893,-0.719194489419614,-0.338309845999788,0.658853634249794,-0.21606114020727,1.11176871261426,0.412788788328081,-0.277712396671018,0.882510321856534,0.265560067889322,-0.837876504912306,-0.453591214857696,-1.09919334527036,-0.192573279576143,0.0376109894692153,0.404530488044285,0.131593901267846
1975,0.32928514817869,-0.534383006582528,-0.958741713925973,0.227960651686017,-0.148717408194614,1.63865040685319,0.791647163083327,0.151223323102708,0.156390761218164,0.431892900830778,-0.58018097871822,0.259216176760352,0.443136488393299,0.00613779377135116,0.104594370714389,-0.0433646771257273,0.812262853756443
1976,-1.41881555982623,-0.281807313371844,-0.754247606837814,-0.639236842264944,-0.19754161390379,2.08698322465742,1.0409700915467,0.68848879400177,-0.477403376350185,-0.123397971665937,0.362292822515053,0.164402703978517,1.38280069784207,0.0886143975738824,0.314320411992728,-0.38098966331889,0.381374230566052
1977,-0.946967388056928,-0.146188298760512,0.0545613344291616,-1.63766391018352,-0.410235567510427,2.59775232885846,0.907872889133922,1.12180779850311,-0.91502313800452,-0.432847008859123,1.02821979130567,-0.118999069125244,0.901527614690076,0.781034257404435,0.287186769589937,-0.515420162408644,-1.18769673899114
1978,0.0438865139542791,0.0639290701251815,0.625015611469014,-2.35942656700542,-0.591502446177825,2.92403227712569,0.268303339370829,1.3450422278452,-1.09432377389236,0.3721021310545,0.803834340230417,-0.588763474175773,0.207656444136787,0.661347278863087,-0.0154025956873929,-0.625690341385494,-0.677471551854448
1979,-0.096495813290775,0.197253040178406,0.821672995725884,-2.91749047691926,-0.650989409455671,2.97599537999788,-0.557508563345919,1.25455870739658,-1.07113952946616,0.927711039560663,0.619347770341469,-0.437863158339895,-0.859631073969255,0.470692059840492,0.0144175459631992,-0.771271757450436,1.02901430291655
1980,-0.432050463462934,-0.0519706800592524,0.940111014364796,-2.4554812036209,-0.707670383899656,2.72987556716915,-0.953800797008754,1.05167524286127,-0.999391838135372,0.746112478165689,0.503220063402444,-0.0308626014688913,-1.05235516128503,0.0774896463633084,0.367244447174409,-0.831982305426454,0.749408151242234
1981,-1.03692111231104,-0.666650048220834,0.773913345263502,-1.41443834621799,-0.818226343953766,2.19735446641695,-0.724348718483063,0.843469218299576,-0.860149186699902,-0.121489755609247,-0.138181905025948,0.999918612013743,-0.66658470557101,-0.663265339416635,0.0339394404972204,-0.829504323876412,-0.303140565820834
1982,-0.844474659815879,-1.03542747116307,0.481145209302146,-0.75287894755649,-0.913629964305028,1.63139974133614,-0.464715443353911,0.196934720976404,-0.527750226672173,-0.149158888431248,-0.636734897463939,1.69388201138877,-0.187030454858844,-0.970538640094902,-0.535419300086757,-0.80968047147608,-0.297110107658689
1983,0.907169679750563,-0.879122857574059,0.382964379868641,-0.528976942488028,-1.08030570103635,1.30310571931418,-0.268631395855649,-0.742966761330695,0.0170109249044319,0.154883536601317,-0.518502433031141,0.591434276225965,0.551315505075008,-0.58309040827836,-0.390258790730572,-0.534624519421466,-0.368310718725885
1984,2.07329705053569,0.110041346970317,0.26112551924634,0.0500566416165141,-1.3148863675471,1.05336057372692,0.221156935980951,-1.27303112160582,0.633108213177041,-0.066787561984141,-0.323400564477948,-0.982855154470846,1.15720394011457,0.00843946643560784,0.437272527567091,0.0061949538751039,-0.480968207020146
1985,1.15086249636625,1.18134398833118,-0.102764572976334,0.664265163073201,-1.40804519683127,0.578643389735647,0.478212624443658,-1.31248068415435,1.00405612399626,-0.108768315231315,-0.336852710199017,-1.84344692619955,0.651437494695021,0.310342197563943,0.824576169125081,0.407627964981837,-0.538542923544945
1986,1.03201454553354,1.27701110885861,-0.65103944577669,0.596621052780614,-1.33284469608381,-0.0269130605476595,0.201192355619034,-1.24328740381129,1.00652545180497,-0.43348308087802,-0.633715028016352,-0.657314060130714,-0.379969396229599,0.415068303787622,0.286918119665156,0.450373146720053,0.246795171261959
1987,0.680104672769728,0.917413864148802,-1.31420363253764,0.365278195579968,-1.16729135488603,-0.673909078334658,-0.118475256232219,-1.06388582174534,0.675223970803336,-1.1439755259855,-0.733828275763629,0.596627502434673,-0.677434835347428,0.632576370559879,-0.30500721460035,0.405149983431795,0.856038190484906
1988,-0.205803217611681,0.416610983205954,-1.49104741567389,0.531006265796805,-1.0370934729949,-1.38044615149604,-0.250775750039006,-0.5826637770065,0.121957356774516,-1.0228038063857,-0.344356628220294,1.02009800528186,-1.34326755172601,0.462252593404884,-0.170503152260443,0.452851128270095,0.362374385541941
1989,-0.977769723937882,0.180130799856735,-0.91556580700642,0.293575438669826,-0.92485391964047,-2.074898782129,-0.423848978387734,0.0776467580320322,-0.305785093644989,-0.75151909032631,-0.19491884616243,1.03107796926599,-0.929028933727332,-0.0667485072634439,-0.0462077870621788,0.339483472355694,-0.98613327384541
1990,-0.993034598356762,0.375783348435408,-0.155255829676476,-0.356484461241932,-0.819909937254082,-2.5417610784768,-0.28737748070252,0.609902760670963,-0.207697905687983,-0.686957780408307,-0.108349255331604,0.658055949589101,1.12540553997774,-0.517492737347045,-0.355782050383791,0.128855040602161,-0.971149508134124
1991,-0.188902820933636,0.259581618703854,0.551084264004026,-0.303722055213714,-0.626857905484469,-2.6432703957155,0.177947210408915,1.07077384060302,0.200564292018382,-0.286232408503461,0.700701223035554,0.377176600643854,1.80176610505028,-0.586926529385455,-0.342260004169859,0.0848708680889234,0.0722133171945419
1992,-0.0918618335564723,-0.316353773562306,1.10690013424581,-0.134611779482247,-0.504516792328145,-2.6356169154475,0.334102097183343,1.50784994629946,0.228138452548953,0.363515158799396,1.55093173932435,0.548849821314562,0.724702727442713,-0.606107134920927,0.0446854374884248,0.25399310887926,0.217417024293678
1993,-0.598601146854639,-0.793239874373296,1.04184054847662,0.328073934919045,-0.520230329797765,-2.55102581774859,0.443907289173885,1.54479477471793,-0.191098535418335,1.27850475798213,1.51871979855009,-0.657759193805746,-0.804521008867252,0.193724115908271,0.284321170392282,0.501171768495906,-1.08489749809398
1994,0.661568753832517,-0.391607076704465,0.461035882791669,0.807670676893485,-0.506200385628461,-2.26341608557229,0.765777565994646,1.26676928628065,-0.50717249493294,0.575963213110854,0.855812699207065,-0.323315425964972,-1.69820645055061,0.446524496865797,0.072356379740776,0.558784839534372,-0.178906507637421
1995,1.72547598341979,0.114299258584701,0.0826552464658573,0.36663107778582,-0.404623589842706,-2.02696382676629,0.661736795094517,0.6380810196342,-0.590169346281177,0.454473457501607,0.147882091736379,1.03923875330824,-0.571189505160526,0.48565293215816,0.157428855921144,0.559404334921882,1.45345777238866
1996,1.45397928839829,-0.329157706360169,-0.2614212446362,0.232019298303572,-0.234019468743978,-1.89886873596508,0.114632308838611,-0.175331389104589,-0.50442879736771,0.37019391499781,-0.713238256802809,0.17998238260464,1.34584580038576,0.542043912432449,0.591208934466093,0.664099055411138,0.865359211344023
1997,0.0332556192697021,-0.712067772107595,-0.890133423478464,0.227960651686017,0.098770806951895,-1.48235828348568,-0.310341434639936,-0.448347409281734,-0.290694757036219,-0.510447795164506,-1.63805039732747,-0.757024003337901,0.888206663281404,0.0468006775065526,0.327663358256806,0.65047015688591,-0.524512042843147
1998,-1.09171110799309,-0.337371550041817,-1.1734383469643,0.505301503885622,0.500027210193968,-0.725872181206847,-0.427598195357108,-0.395121809017841,-0.186022694922658,-0.42966664876464,-2.24788100334927,-0.45952633052479,-0.272757222795293,-0.385530171262995,-0.700549453851598,0.3816091587064,0.0710934064884446
1999,-1.17185169869221,0.210811921844068,-1.06845583356402,0.570916290869431,0.758178182909148,0.106242390562323,-0.479899772079876,-0.66250217740234,-0.12675882751367,-0.231848250887804,-1.97590973067568,0.058609267212558,-0.414668326108638,-0.3613626082883,-0.91340974425237,0.183370634703075,-0.183148310363443
2000,-0.951328780748037,0.838536806441209,-1.02232267274586,-0.262459147935236,0.75088261194111,0.802608391262287,-0.437721081174418,-0.906713755083731,0.109747902609238,-0.18414284947056,-0.893515311704211,1.03137472504934,0.111294400478899,0.0306889688567558,-0.421243082055211,0.0786759142138195,-1.31237221363242
2001,0.296847290038571,1.2233795412902,-0.971605768384881,-0.712968922483863,0.70093601069839,1.28175653751398,0.00100760206051927,-0.77865922268413,0.321012615132021,-0.0384823571432431,0.088308303543073,0.947392838359957,-0.23429834695413,0.1664876560479,-0.0325066408983932,-0.160449305365191,-1.0677965221953
2002,0.4050643461867,1.12094807890729,-0.680020533982966,-0.342955639183414,0.598798017145863,1.61931529880773,0.592563742009566,-0.778972314450388,0.366969549349639,0.019718232585794,1.06885076205502,-0.587279695258999,-0.014717502766032,0.0560073681635793,-0.0289246419013251,-0.400194020331712,0.466747551745932
2003,-0.650392685061552,0.734776634050976,-0.250627267906312,-0.204961654186538,0.294628827555368,1.66926432792518,0.909934958467078,-1.23608629318735,0.452572913384845,0.0419807532471743,1.43160114054698,-0.723045466143785,0.753493170809842,-0.264308744278809,-0.629715423684576,-0.577369701159683,1.10949637506941
2004,-1.04455354952048,0.575693808628465,0.171225000728914,-0.47621453645981,-0.185195263034803,1.49041457850462,1.01622525954883,-1.43333410593001,0.619389725350886,-0.0101771523023453,1.51762166420551,0.260254822002093,1.05235516128503,-0.505217149804342,-0.701086753701158,-0.664099055411138,0.912177360666992
2005,-0.722355664464842,0.146127902851088,0.52195531310282,-0.691999248293161,-0.775014115912312,1.22858499038895,0.874692318954962,-1.06451200527786,0.677693298612044,-0.184778921489457,1.19513621168138,0.398839772828749,0.730718640982113,0.303053567460464,-0.0454913872627651,-0.564979793409476,0.228405934951927
2006,0.133022477078809,-1.0175502819736,0.960220340875273,-0.235401503818202,-1.37830171519235,0.811772426846336,0.43453424675045,-0.489362430661558,0.404146651358518,-0.133575123968282,0.719003462111838,0.241707585542423,0.113657795083663,0.511738555686403,0.382109743012242,-0.393379571069098,-1.02186184773165
2007,0.433685985722099,-2.04669657855659,1.56616166469832,0.321309523889787,-1.86205419014993,0.321949689694546,-0.129488581079756,0.0519732331988603,-0.0740798342612356,-0.601724129876165,0.507612600780752,-0.159951367228196,-0.529185537412216,0.371336523166745,0.1472201587795,-0.430549294319721,-0.78006858052223
2008,0.428779418944602,-2.02012237841008,1.86188705455827,0.43359874697548,-2.09551246112713,0.0203924967667018,-0.757341827813555,0.349723502910403,-0.374789087410547,-0.257609167653115,0.899738072990148,-0.554339803306625,-0.69365631649831,0.624136904124271,-0.485450414077657,-0.726048594162177,0.0582551767252575
2009,0.316200970105365,-1.42292762602671,1.34318472074391,0.765054887409155,-2.04724945318473,0.0365806145703922,-1.16131995626361,0.469637649387292,-0.343373750288653,0.528893883712507,1.27054143667567,-0.295123626546273,-0.372556931332839,0.124290323869861,-0.643864319722995,-0.926765099715543,0.0239969224633157
2010,0.177454165119476,-0.801816093511487,0.615256673603636,0.970692982698618,-1.70323522215341,0.239473369438108,-1.29741653225188,0.586733969967856,-0.160231937809487,0.300862064938083,0.697315308806441,0.647224363496653,0.181121968346934,-0.796378741832813,0.0173726951357804,-1.05376165415517,0.455055752983212
2011,-0.362540767448392,-0.0131965062091187,0.186898446391491,0.257724060214755,-1.20320801195945,0.318928579062442,-1.33547108449103,0.584855419370307,-0.00205777317392321,-0.155519608620214,-0.438796181853922,0.814891381092072,0.626299570262529,-0.838959686121562,0.286201719865743,-1.19996256560763,0.805262458958325
2012,-0.378895990040049,1.07214818409279,0.157473770100426,-0.618943609177168,-0.76940213824459,0.218728409764327,-1.07883718293738,0.447095042216702,-0.0817621874438822,-0.423623964585123,-1.28554927271823,-0.579564044891776,0.596434856620508,-0.554703112085861,0.0597298332761109,-0.963934822966167,0.401435007729358
2013,0.275040326583028,1.49347004823381,0.571341453209433,-0.876667669391923,-0.322688715893975,0.211779855310488,-0.470151807959504,0.375397027743575,-0.3546229103061,-0.124034043684833,-1.10069665804775,-1.02306556311541,0.0161140541233927,0.06252877404564,-0.304559464725717,-0.452231632882585,0.396569998146396
2014,0.676015867121814,1.25478541419062,0.629599355011844,-1.54160927356805,0.215499942440498,0.126987350236103,0.0141064288472698,0.483100595336394,-0.482753586602385,0.564195880761267,-0.719186484502601,-0.48430543843491,-0.361599374528932,0.542043912432449,-0.583597186597324,-0.0408866955756857,-0.141306307106649
2015,0.0812309388718954,0.907871310459828,-0.223716257429056,-2.64556115354306,0.81429795958636,-0.168880084334612,0.103806444839544,0.825622987622859,-0.283286773610095,0.317399937429394,-0.653023890241832,0.279395570028473,-0.0556472002394494,0.835507177125177,-0.0816695771331531,0.186468111640627,-0.613825252656568
2016,0.190538343192802,0.54078497298146,-1.22371166324049,-2.80655413603942,1.37605692412526,-0.326984874081386,0.22813985258641,0.987178339012087,0.176968492957396,0.338708350062429,-0.655677714907894,0.75316617815429,0.176180325082427,0.276967943932221,0.561926092665061,0.289304345967352,0.16967042393894
2017,0.186994711631276,0.322876531780085,-1.65547073243603,-2.51230225626667,1.62971831470627,-0.267972513067622,0.393855242632742,0.67972222454654,0.685650021551214,-0.511401903192851,-0.76283732469954,0.411451893621325,-0.196161752195433,-0.383612110709448,0.749712390086358,0.266383016629468,0.263955125727542
2018,-0.587697665126867,0.292557785249295,-1.62530674267031,-1.08636441129894,1.63364669907367,-0.0401304195631144,0.147812879017571,0.21509404341938,0.828322294943223,-1.27309814582151,-0.5891490758656,-0.424360770197255,-0.262121947073854,-0.713518525919572,0.513121356330008,0.170980726952868,-1.62027403490424
2019,-0.779053769449252,0.200303033604312,-1.46857228604454,0.951076190713768,1.70379641992019,0.388716234664044,0.081217412599065,-0.0914227957473928,0.357229422993069,-1.36914502067489,-0.186408304991958,-0.811478689583493,0.506411007584487,-0.617231886131501,0.292917967985246,0.136288985252286,-1.85623604707034
2020,-0.334736889042576,-0.503460300957499,-1.31420363253764,1.27306215570648,1.80874040230657,0.674513300461079,0.583003238737662,-0.389173065458936,-0.125386978731054,-1.58350129104304,0.0933414192890512,0.0181021027846382,1.08028618843224,0.193340503797562,0.390527440655352,0.0923048127390481,0.00387954834380833
2021,0.396886734890872,-1.48428987000138,-0.729258811394648,0.650736341014684,1.8665437722841,0.530607730685194,1.06102840233285,-0.471203108218583,-0.0452710098263106,-0.656426323501271,0.412898513560979,-0.244081631809261,0.529078110384726,0.422740546001811,0.321573959961791,-0.0309747693755195,2.03768100025156
2022,0.691280741540694,-2.30809007454316,0.136625130115299,0.45659774447496,1.77450733853348,0.231417074419164,0.913121792891046,-0.0588612520565405,0.323756312697252,0.964285180647216,0.965992178446298,-0.98374542182091,-0.0937837949981454,0.400491043580663,-0.309305613396832,-0.180892653153034,2.49218949632828
2023,0.835751874433662,-2.37959883130104,0.626937826503104,0.849610025274888,1.54217146308981,0.0747724881445732,0.378811509543129,0.256109064799203,0.681671660081629,1.23716007675385,1.08276046375299,-0.543508217214177,0.418643126125742,0.157664577501583,-0.904812946659407,-0.230452284153865,1.49414255196846
2024,0.350819524591038,-1.00595426736422,0.78943892823115,1.53281553923001,1.14821063081578,-0.0900542727586324,0.223640792223161,0.201004913937761,0.691960525951245,0.231212178868907,0.904862699931508,-0.18339507411322,1.09833392905044,-0.126591996534118,-0.656938616062293,-0.150537379165025,-0.0929296391229009
2025,-0.317018731234948,0.765699339676004,0.9149743562267,2.05908671730634,0.726189910203136,-0.475321406117691,0.30495193524646,0.0169069553779425,0.308803160966743,-0.344432998232498,0.415918383008566,0.132649835159562,0.874026295652819,-0.043731780620877,-0.0351035901712676,-0.0836318773139026,-0.990303499861665
2026,-0.131659541862837,1.86164351208181,0.870024096967987,1.71477819591707,0.332790275695873,-0.713384923927484,0.137736858412379,0.124297431204503,-0.118390549939715,-0.458289889614986,-0.329806348154647,-0.104458035740863,-0.221299676627926,-0.368651238391779,0.314768161867361,0.181512148540544,-1.89344991792716
2027,-0.363903702664364,2.20227644123251,0.627972865367614,1.24059298276604,-0.030304679405695,-0.452864483752385,-0.0509190529653111,0.536013103834029,-0.416493290402058,-0.486595094455884,-0.814815683676188,-0.455223371666147,-1.09446655606083,-0.257787338396749,0.186980347646956,0.736580015749854,-1.4253707344564
2028,-0.133295064122003,1.47704236087051,0.579917489515371,1.24668095269237,-0.23458066651075,0.0231870241013979,0.00657284599943385,0.49249334832414,-0.41402396259335,0.0442070053133123,-0.849589937921128,-0.325244338556778,-0.440558239733556,0.0172625449819251,0.209367841378632,1.14854444844426,-0.0753806267231286
2029,0.498834289045532,-0.0503701884595195,0.684456414830865,0.775877945055969,-0.31090356279176,0.49516003260184,0.0621432712673746,-0.257674523630494,-0.175185089539996,0.261743635775943,-0.689994413175927,-0.0853172877144832,0.334312909546653,0.206383315561683,0.317186011190382,1.08783390046824,0.577686236090449
2030,-0.708453725261933,-1.06393434041114,0.615404536298566,-0.124465162938359,-0.588696457343964,0.838257496721114,-0.180056144954188,-0.739209660135597,0.0810762630525745,0.271920788078288,-0.496265212553455,-0.0673635628215224,0.172420379120302,-0.0563909802742888,0.0973408227453262,0.77808620671305,0.604353375054897
2031,-1.23509189271328,-0.528584999277835,0.546944108545986,-0.262459147935236,-1.29131606134267,0.702106110900962,-0.465652747596255,-0.387607606627645,0.0750401284090664,0.585186257384854,-0.176616607086146,0.366493392443084,0.00150397838484998,-0.461485369183465,-0.250023529995355,0.485684383808146,0.570590753398753
2032,-1.04809718108201,0.0802963615790541,0.538515934934978,0.136641102791025,-2.13086792043378,0.193200024923049,-0.418600074630611,0.304951380335481,-0.215791813505414,0.444932377218158,0.202697297769851,0.761326962196545,0.00601591353939993,-0.0138100359855401,-0.238292483279957,0.307269712205153,0.835598706727725
2033,-0.25923027807776,0.232977220602633,-0.0245452073583762,0.619620050280094,-2.60732482442332,-0.211377040559541,-0.256587036341535,0.673460389221376,-0.558754009159282,-0.204179118065802,0.174603360787755,0.537127967872051,-0.183485362951698,0.0594598771599644,-0.0959975731214256,0.211247927141043,0.630788611899141
2034,1.35148656015724,0.223162885321252,-1.02779359245827,0.532359148002657,-2.51809437950655,-0.479349553627163,-0.337382662031546,0.799010187490912,-0.456276905097906,-0.597907697762786,0.144221643921122,-0.29586551600466,-0.202177665734833,0.237455896529148,-0.0997586720683472,0.0061949538751039,0.123979326944456
2035,1.64369987046151,0.192270377650935,-1.60046580992207,-0.26178270683231,-1.97990572117207,-0.740172104865472,-0.134690619624762,0.956182254152526,0.132520592400655,-0.191457677687871,0.973313074076812,-0.641437625721236,-0.348922985285196,0.281954901371444,-0.326499208582759,-0.321518106117892,0.237421832000637
2036,0.774692376758143,-0.0933418780146131,-1.44432280407602,-1.51387518834809,-1.22453352709679,-1.11619967487468,0.256540171129418,0.860376173677518,0.77838699925602,-0.0108132243212419,1.58021532184641,-0.759546427496416,-0.323033071660279,0.22249502421148,-0.050953935733294,-0.609583461310224,0.294635936716372
2037,0.201986999006961,-0.0663449065021368,-1.09714119638043,-2.78152581523116,-0.481507683890488,-1.34580408291458,0.338319966273889,0.316535775687035,1.40641937193738,0.631937550773753,1.19623434602596,-0.635650887945819,-0.084974778744024,0.194874952240399,0.420616232230724,-0.859859597864421,-0.441625089533705
2038,-0.47702732558999,0.307294387148723,-1.24086373585237,-3.44173233168681,0.0729557096803769,-1.13916011567867,0.363580315605047,-0.302133554439158,1.4470260959028,1.74474554783332,0.459477712010123,-0.139623596068398,0.188534433243694,-0.434248909323095,0.461451020797301,-1.07482449733053,-0.377966673650653
2039,-1.04727941995242,0.133867533238039,-1.58863679432768,-3.51140576528817,0.265446543683218,-0.72637569964553,0.30462387876164,-0.53413455323648,0.850134690586809,1.03043667061246,-0.406035173907373,0.48994379831865,0.365574174546035,-0.794077069168556,0.137280111562636,-1.24394673812086,-0.503714675537139
2040,-1.26725716381021,-0.176416451427166,-1.26629611938033,-3.36258872264448,0.227285095542713,-0.543397099027767,-0.0349145830272957,-0.577028125213852,0.0341590346871253,-0.00063607201889658,-0.798343668507532,1.14740623634104,-0.0916352544483597,-0.100122760895166,-0.199875544036401,-1.28359444292153,-0.523405492587919
2041,-0.837387396692828,0.0436662425134683,-0.0345998706136147,-2.29854686774209,0.229529886609801,-0.662831672683611,-0.297219175247126,-0.81497786757008,-0.474110939271908,-0.122125827628143,-0.685967920579145,1.12381415156434,-0.272757222795293,0.59728405637461,-0.439600826915185,-1.06924903884293,-0.330955861009135
2042,-0.192719039538356,0.398975377654179,1.64423316762135,-1.06404185490239,0.242998633012332,-0.697876556016017,-0.180805988348063,-0.738896568369339,-0.743679225055848,-0.67328223200203,-0.81884217627297,1.33955560606322,0.433360628891774,0.434632521433804,-0.416855133283803,-0.781183683650602,0.276253801907252
2043,0.98403922593135,0.618816487957118,2.64437643612772,-0.136641102791025,0.186878856335119,-0.302111063210397,0.0783234857508294,0.169382645545683,-0.980871879570063,-0.395954831763121,-0.854348520080962,0.811478689583493,0.81214832781899,0.361746220399009,-0.0610730829000115,-0.52409309783379,1.60781952691919
2044,1.36566108640334,0.745647897747275,2.40129016566283,0.280723057714235,0.043212228041454,0.363540312729844,-0.0922776026587184,1.14278494684241,-1.2961227298151,0.450020953369331,-0.657507938815522,0.204909868406437,-0.213457503621208,0.0621451619349305,0.487957813375605,-0.276294942829634,0.80911091075243
2045,0.999576687393424,0.446688146099048,1.80865648438348,-0.117700751909101,0.00448958213417704,0.98689613982063,-0.319855072699722,1.08454987831839,-1.33837567231966,0.270012572021598,-0.427265771235863,0.205800135756501,-1.34799434093554,-0.377857929048806,0.434675578294216,0.0929243081265585,-0.966354590766385
2046,0.680922433899311,-0.0734112279047313,1.23613212961461,0.198197243157279,0.148156210427842,1.58507604497721,0.0730277167815886,0.37101374301596,-0.817621874438822,-0.266514175917667,-0.0916027065768041,-0.437418024664863,-1.11208458856907,-0.59728405637461,0.0129847463643719,0.559404334921882,-0.558711186137321
2047,-0.124299691696592,-0.530034501104008,0.409875390345897,1.16212581482664,0.352432197532898,1.96613879937326,0.250119637069365,-0.374144660678542,-0.049386556174157,-0.574054997054164,0.351952057436952,-1.05511518771772,-0.532515775264383,-0.360211771956171,-0.218860138720862,0.88897588107741,-0.080355248173288
2048,-1.14077677576806,-0.988560245450137,-0.5198852353738,1.83112606562032,0.599920412679407,2.15264202906181,-0.233201295495065,-1.22857209079715,0.654783423942365,-0.482460626333056,0.722846932317858,-0.894125175247784,0.123755935667656,0.339496717977861,0.0911618744753837,1.02960133404227,-0.831310924792404
